examples/fr26/data/cnv/dfr26041d.cnv
* Sea-Bird SBE 9 Data File:
* FileName = C:\SEASOFT\PIRATA-FR26\data\fr26041.hex
* Software Version Seasave V 7.23.2
* Temperature SN = 6083
* Conductivity SN = 4509
* Number of Bytes Per Scan = 38
* Number of Voltage Words = 3
* Number of Scans Averaged by the Deck Unit = 1
* NMEA Latitude = 01 59.94 S
* NMEA Longitude = 000 00.09 W
* NMEA UTC (Time) = Mar 29 2016  05:32:26
** Cruise: PIRATA-FR26
** Ship: THALASSA
** Station: 041
** Bottom Depth: 4732
** Pressure frequency switch pos 2 before station: 33094.160
** Pressure frequency switch pos 2 after station: 33091.546
** Operator: YG/PR
** Comments:
# nquan = 27
# nvalues = 2021                        
# units = specified
# name 0 = scan: Scan Count
# name 1 = timeJ: Julian Days
# name 2 = prDM: Pressure, Digiquartz [db]
# name 3 = depSM: Depth [salt water, m]
# name 4 = t090C: Temperature [ITS-90, deg C]
# name 5 = t190C: Temperature, 2 [ITS-90, deg C]
# name 6 = c0S/m: Conductivity [S/m]
# name 7 = c1S/m: Conductivity, 2 [S/m]
# name 8 = sbeox0V: Oxygen raw, SBE 43 [V]
# name 9 = sbeox1V: Oxygen raw, SBE 43, 2 [V]
# name 10 = sbeox1dOV/dT: Oxygen, SBE 43, 2 [dov/dt]
# name 11 = sbeox0dOV/dT: Oxygen, SBE 43 [dov/dt]
# name 12 = latitude: Latitude [deg]
# name 13 = longitude: Longitude [deg]
# name 14 = timeS: Time, Elapsed [seconds]
# name 15 = flECO-AFL: Fluorescence, WET Labs ECO-AFL/FL [mg/m^3]
# name 16 = CStarTr0: Beam Transmission, WET Labs C-Star [%]
# name 17 = sbeox0Mm/Kg: Oxygen, SBE 43 [umol/kg], WS = 2
# name 18 = sbeox1Mm/Kg: Oxygen, SBE 43, 2 [umol/kg], WS = 2
# name 19 = sal00: Salinity, Practical [PSU]
# name 20 = sal11: Salinity, Practical, 2 [PSU]
# name 21 = sigma-é00: Density [sigma-theta, kg/m^3]
# name 22 = sigma-é11: Density, 2 [sigma-theta, kg/m^3]
# name 23 = svCM: Sound Velocity [Chen-Millero, m/s]
# name 24 = svCM1: Sound Velocity, 2 [Chen-Millero, m/s]
# name 25 = nbin: number of scans per bin
# name 26 = flag: flag
# span 0 =      -1518,      51452       
# span 1 =  89.230124,  89.255669       
# span 2 =      2.000,   2022.000       
# span 3 =      1.982,   2001.220       
# span 4 =     3.4835,    29.1841       
# span 5 =     3.4838,    29.1846       
# span 6 =   3.292559,   5.752957       
# span 7 =   3.291609,   5.752387       
# span 8 =     0.9870,     2.7746       
# span 9 =     1.1016,     3.1607       
# span 10 =   -0.07640,    0.02399      
# span 11 =   -0.06893,    0.02173      
# span 12 =   -1.99914,   -1.99890      
# span 13 =   -0.00170,   -0.00110      
# span 14 =    -63.298,   2143.783      
# span 15 =     0.5158,     2.5811      
# span 16 =    95.1736,    98.4254      
# span 17 =     60.913,    229.373      
# span 18 =     61.712,    228.934      
# span 19 =    34.4828,    36.0312      
# span 20 =    34.4798,    36.0110      
# span 21 =    22.0089,    27.8193      
# span 22 =    22.0061,    27.8100      
# span 23 =    1481.88,    1544.16      
# span 24 =    1481.87,    1544.16      
# span 25 =         12,         85      
# span 26 = 0.0000e+00, 0.0000e+00      
# interval = decibars: 1                
# start_time = Mar 29 2016 05:32:26 [System UTC, first data scan.]
# bad_flag = -9.990e-29
*END*
[from data line 430]
      14967  89.238074    432.000    429.169     8.1344     8.1348   3.627077   3.626790     1.1239     1.2530    0.00236    0.00256   -1.99898   -0.00166    623.575     0.5471    98.0758     86.392     86.282    34.7217    34.7182    27.0418    27.0390    1489.74    1489.74         18 0.0000e+00
      14984  89.238082    433.000    430.172     8.1181     8.1187   3.625441   3.625167     1.1253     1.2546    0.00258    0.00255   -1.99898   -0.00166    624.300     0.5438    98.0715     86.624     86.521    34.7198    34.7163    27.0428    27.0399    1489.70    1489.70         18 0.0000e+00
      15003  89.238091    434.000    431.167     8.1016     8.1020   3.623787   3.623516     1.1275     1.2570    0.00246    0.00209   -1.99898   -0.00166    625.098     0.5451    98.0693     86.980     86.845    34.7180    34.7147    27.0439    27.0412    1489.65    1489.65         21 0.0000e+00
      15030  89.238104    435.000    432.157     8.0767     8.0775   3.621300   3.621037     1.1306     1.2603    0.00228    0.00184   -1.99898   -0.00166    626.189     0.5438    98.0604     87.479     87.310    34.7155    34.7120    27.0456    27.0427    1489.57    1489.57         32 0.0000e+00
      15061  89.238119    436.000    433.136     8.0562     8.0568   3.619335   3.619115     1.1338     1.2641    0.00272    0.00242   -1.99898   -0.00166    627.496     0.5425    98.0612     87.976     87.814    34.7143    34.7113    27.0478    27.0453    1489.50    1489.50         27 0.0000e+00
      15083  89.238130    437.000    434.129     8.0519     8.0524   3.618947   3.618712     1.1354     1.2658    0.00299    0.00285   -1.99898   -0.00166    628.406     0.5454    98.0545     88.215     88.044    34.7140    34.7109    27.0482    27.0457    1489.51    1489.50         18 0.0000e+00
      15100  89.238138    438.000    435.128     8.0445     8.0451   3.618291   3.618065     1.1353     1.2670    0.00300    0.00289   -1.99898   -0.00166    629.112     0.5456    98.0619     88.227     88.217    34.7137    34.7108    27.0491    27.0467    1489.49    1489.49         16 0.0000e+00
      15116  89.238146    439.000    436.130     8.0428     8.0434   3.618149   3.617946     1.1355     1.2675    0.00292    0.00245   -1.99898   -0.00166    629.803     0.5521    98.0592     88.273     88.282    34.7134    34.7107    27.0491    27.0469    1489.50    1489.50         18 0.0000e+00
      15136  89.238155    440.000    437.123     8.0415     8.0421   3.618065   3.617855     1.1355     1.2676    0.00229    0.00185   -1.99898   -0.00166    630.604     0.5467    98.0459     88.288     88.309    34.7133    34.7105    27.0493    27.0470    1489.52    1489.51         21 0.0000e+00
      15160  89.238167    441.000    438.108     8.0397     8.0402   3.617921   3.617698     1.1355     1.2678    0.00158    0.00056   -1.99898   -0.00166    631.641     0.5448    98.0534     88.297     88.356    34.7132    34.7103    27.0494    27.0471    1489.52    1489.52         28 0.0000e+00
      15187  89.238180    442.000    439.095     8.0368     8.0373   3.617666   3.617455     1.1354     1.2680    0.00049    0.00010   -1.99898   -0.00166    632.740     0.5463    98.0573     88.313     88.394    34.7128    34.7101    27.0496    27.0474    1489.53    1489.53         24 0.0000e+00
      15209  89.238190    443.000    440.088     8.0290     8.0295   3.616938   3.616716     1.1350     1.2682    0.00018    0.00004   -1.99898   -0.00166    633.647     0.5468    98.0570     88.273     88.451    34.7123    34.7094    27.0503    27.0480    1489.52    1489.51         20 0.0000e+00
      15229  89.238200    444.000    441.087     8.0255     8.0261   3.616651   3.616436     1.1345     1.2681    0.00018   -0.00004   -1.99898   -0.00166    634.485     0.5423    98.0483     88.233     88.458    34.7122    34.7093    27.0508    27.0485    1489.52    1489.52         21 0.0000e+00
      15251  89.238211    445.000    442.081     8.0256     8.0261   3.616708   3.616495     1.1342     1.2679    0.00025   -0.00017   -1.99898   -0.00166    635.437     0.5449    98.0498     88.199     88.439    34.7123    34.7095    27.0509    27.0486    1489.54    1489.53         25 0.0000e+00
      15279  89.238224    446.000    443.070     8.0241     8.0246   3.616584   3.616394     1.1331     1.2665    0.00005   -0.00050   -1.99898   -0.00166    636.567     0.5459    98.0475     88.058     88.282    34.7119    34.7093    27.0508    27.0487    1489.55    1489.55         28 0.0000e+00
      15304  89.238237    447.000    444.055     8.0219     8.0225   3.616421   3.616231     1.1326     1.2658   -0.00010   -0.00039   -1.99898   -0.00166    637.638     0.5490    98.0485     88.001     88.223    34.7119    34.7092    27.0511    27.0490    1489.55    1489.55         23 0.0000e+00
      15325  89.238247    448.000    445.047     8.0186     8.0191   3.616157   3.615933     1.1316     1.2649   -0.00096   -0.00080   -1.99898   -0.00166    638.498     0.5437    98.0449     87.878     88.135    34.7118    34.7089    27.0516    27.0492    1489.56    1489.56         19 0.0000e+00
      15342  89.238255    449.000    446.043     8.0067     8.0072   3.614986   3.614729     1.1305     1.2641   -0.00118   -0.00084   -1.99898   -0.00166    639.223     0.5456    98.0222     87.774     88.074    34.7106    34.7074    27.0525    27.0498    1489.53    1489.53         16 0.0000e+00
      15359  89.238263    450.000    447.040     7.9895     7.9901   3.613424   3.613189     1.1295     1.2626   -0.00067   -0.00056   -1.99898   -0.00166    639.903     0.5514    98.0378     87.671     87.936    34.7104    34.7073    27.0548    27.0524    1489.48    1489.48         16 0.0000e+00
      15375  89.238271    451.000    448.036     7.9814     7.9820   3.612698   3.612444     1.1269     1.2606   -0.00087   -0.00082   -1.99898   -0.00166    640.604     0.5471    98.0330     87.337     87.734    34.7102    34.7069    27.0559    27.0532    1489.47    1489.46         18 0.0000e+00
      15396  89.238281    452.000    449.035     7.9656     7.9664   3.611166   3.610952     1.1222     1.2562   -0.00110   -0.00123   -1.99898   -0.00166    641.460     0.5450    98.0332     86.734     87.245    34.7089    34.7058    27.0573    27.0547    1489.42    1489.42         25 0.0000e+00
      15429  89.238296    453.000    450.016     7.9563     7.9569   3.610280   3.610065     1.1163     1.2493   -0.00248   -0.00271   -1.99898   -0.00166    642.819     0.5445    98.0303     85.937     86.447    34.7081    34.7053    27.0580    27.0557    1489.40    1489.40         38 0.0000e+00
      15462  89.238313    454.000    451.001     7.9455     7.9462   3.609218   3.608990     1.1117     1.2441   -0.00506   -0.00507   -1.99898   -0.00164    644.213     0.5437    98.0251     85.333     85.858    34.7069    34.7039    27.0587    27.0562    1489.38    1489.37         27 0.0000e+00
      15486  89.238324    455.000    452.000     7.9243     7.9247   3.607149   3.606884     1.1100     1.2414   -0.00505   -0.00435   -1.99898   -0.00164    645.212     0.5437    98.0292     85.155     85.600    34.7054    34.7021    27.0606    27.0580    1489.31    1489.31         23 0.0000e+00
      15509  89.238335    456.000    452.993     7.9142     7.9146   3.606187   3.605945     1.1090     1.2399   -0.00400   -0.00349   -1.99898   -0.00164    646.173     0.5450    98.0170     85.041     85.448    34.7046    34.7015    27.0615    27.0591    1489.29    1489.28         23 0.0000e+00
      15531  89.238346    457.000    453.980     7.9019     7.9030   3.604939   3.604745     1.1087     1.2387   -0.00321   -0.00266   -1.99898   -0.00164    647.088     0.5437    98.0178     85.035     85.334    34.7028    34.6997    27.0620    27.0593    1489.25    1489.25         21 0.0000e+00
      15550  89.238355    458.000    454.971     7.8894     7.8902   3.603731   3.603508     1.1086     1.2382   -0.00240   -0.00156   -1.99898   -0.00164    647.885     0.5437    98.0161     85.053     85.313    34.7017    34.6986    27.0630    27.0604    1489.22    1489.22         18 0.0000e+00
      15567  89.238363    459.000    455.966     7.8810     7.8814   3.602921   3.602658     1.1084     1.2379   -0.00169   -0.00104   -1.99898   -0.00164    648.587     0.5416    98.0099     85.065     85.305    34.7009    34.6977    27.0636    27.0610    1489.21    1489.20         15 0.0000e+00
      15583  89.238371    460.000    456.961     7.8610     7.8616   3.600959   3.600646     1.1084     1.2371   -0.00148   -0.00069   -1.99898   -0.00164    649.231     0.5475    98.0099     85.108     85.270    34.6991    34.6952    27.0652    27.0620    1489.14    1489.14         16 0.0000e+00
      15598  89.238378    461.000    457.957     7.8386     7.8391   3.598804   3.598544     1.1084     1.2371   -0.00121   -0.00035   -1.99898   -0.00164    649.868     0.5417    98.0044     85.163     85.321    34.6977    34.6945    27.0673    27.0647    1489.08    1489.07         15 0.0000e+00
      15614  89.238386    462.000    458.955     7.8287     7.8292   3.597824   3.597555     1.1086     1.2374   -0.00065   -0.00020   -1.99898   -0.00164    650.559     0.5420    98.0007     85.223     85.390    34.6966    34.6932    27.0679    27.0652    1489.05    1489.05         18 0.0000e+00
      15635  89.238396    463.000    459.950     7.8136     7.8141   3.596299   3.596045     1.1086     1.2378   -0.00070   -0.00006   -1.99898   -0.00164    651.432     0.5447    98.0084     85.279     85.486    34.6947    34.6914    27.0687    27.0660    1489.01    1489.01         26 0.0000e+00
      15670  89.238413    464.000    460.932     7.8003     7.8008   3.594992   3.594760     1.1091     1.2381    0.00002    0.00006   -1.99898   -0.00164    652.877     0.5430    98.0045     85.383     85.562    34.6934    34.6904    27.0696    27.0672    1488.97    1488.97         41 0.0000e+00
      15706  89.238430    465.000    461.913     7.7911     7.7916   3.594104   3.593878     1.1094     1.2384    0.00052    0.00020   -1.99898   -0.00164    654.361     0.5449    98.0059     85.452     85.626    34.6924    34.6895    27.0702    27.0678    1488.95    1488.95         27 0.0000e+00
      15728  89.238441    466.000    462.912     7.7841     7.7849   3.593428   3.593208     1.1093     1.2383    0.00014    0.00039   -1.99898   -0.00164    655.297     0.5466    98.0020     85.462     85.639    34.6916    34.6885    27.0706    27.0680    1488.94    1488.94         21 0.0000e+00
      15748  89.238450    467.000    463.908     7.7659     7.7665   3.591640   3.591382     1.1098     1.2384    0.00006    0.00024   -1.99898   -0.00164    656.121     0.5453    98.0055     85.582     85.707    34.6899    34.6865    27.0720    27.0692    1488.89    1488.88         19 0.0000e+00
      15767  89.238460    468.000    464.901     7.7444     7.7450   3.589514   3.589240     1.1103     1.2397    0.00022    0.00006   -1.99898   -0.00164    656.935     0.5437    98.0099     85.715     85.915    34.6879    34.6844    27.0735    27.0707    1488.82    1488.82         20 0.0000e+00
      15787  89.238469    469.000    465.893     7.7160     7.7166   3.586725   3.586455     1.1115     1.2407    0.00004    0.00003   -1.99898   -0.00164    657.762     0.5452    98.0085     85.954     86.111    34.6855    34.6821    27.0758    27.0730    1488.73    1488.72         20 0.0000e+00
      15807  89.238479    470.000    466.884     7.6816     7.6820   3.583304   3.582981     1.1136     1.2422    0.00020    0.00037   -1.99898   -0.00164    658.603     0.5452    98.0099     86.330     86.382    34.6824    34.6785    27.0784    27.0752    1488.61    1488.60         20 0.0000e+00
      15828  89.238489    471.000    467.877     7.6561     7.6564   3.580730   3.580398     1.1162     1.2442    0.00119    0.00082   -1.99898   -0.00164    659.447     0.5437    98.0085     86.767     86.686    34.6794    34.6756    27.0797    27.0767    1488.52    1488.52         20 0.0000e+00
      15848  89.238499    472.000    468.871     7.6247     7.6250   3.577522   3.577166     1.1193     1.2468    0.00137    0.00147   -1.99898   -0.00164    660.310     0.5451    98.0099     87.276     87.086    34.6755    34.6713    27.0812    27.0779    1488.41    1488.41         22 0.0000e+00
      15870  89.238509    473.000    469.865     7.5713     7.5716   3.572234   3.571896     1.1235     1.2509    0.00175    0.00242   -1.99898   -0.00164    661.225     0.5450    97.9994     88.004     87.709    34.6710    34.6670    27.0854    27.0822    1488.22    1488.22         23 0.0000e+00
      15896  89.238522    474.000    470.855     7.5480     7.5482   3.569929   3.569620     1.1283     1.2562    0.00265    0.00320   -1.99898   -0.00164    662.287     0.5480    98.0096     88.743     88.427    34.6687    34.6652    27.0869    27.0842    1488.14    1488.14         28 0.0000e+00
      15924  89.238535    475.000    471.843     7.5205     7.5208   3.567199   3.566929     1.1332     1.2619    0.00391    0.00424   -1.99898   -0.00164    663.464     0.5437    98.0037     89.516     89.193    34.6661    34.6628    27.0888    27.0862    1488.05    1488.05         27 0.0000e+00
      15948  89.238547    476.000    472.824     7.5160     7.5163   3.566815   3.566558     1.1364     1.2662    0.00484    0.00463   -1.99898   -0.00164    664.478     0.5481    97.9939     89.985     89.727    34.6659    34.6629    27.0893    27.0869    1488.05    1488.05         21 0.0000e+00
      15967  89.238556    477.000    473.827     7.5148     7.5152   3.566756   3.566512     1.1380     1.2683    0.00513    0.00442   -1.99898   -0.00164    665.241     0.5456    97.9838     90.227     89.996    34.6659    34.6629    27.0896    27.0871    1488.06    1488.06         16 0.0000e+00
      15982  89.238563    478.000    474.819     7.5135     7.5141   3.566671   3.566446     1.1391     1.2696    0.00490    0.00416   -1.99898   -0.00164    665.869     0.5459    98.0044     90.387     90.170    34.6658    34.6629    27.0897    27.0873    1488.08    1488.07         14 0.0000e+00
      15996  89.238570    479.000    475.824     7.5082     7.5086   3.566151   3.565893     1.1395     1.2707    0.00448    0.00361   -1.99898   -0.00164    666.466     0.5416    98.0100     90.478     90.329    34.6651    34.6619    27.0899    27.0873    1488.07    1488.07         15 0.0000e+00
      16013  89.238578    480.000    476.819     7.4949     7.4954   3.564847   3.564570     1.1404     1.2718    0.00380    0.00294   -1.99898   -0.00164    667.146     0.5436    98.0085     90.640     90.503    34.6636    34.6602    27.0907    27.0879    1488.03    1488.03         19 0.0000e+00
      16040  89.238592    481.000    477.808     7.4777     7.4784   3.563265   3.562991     1.1427     1.2741    0.00248    0.00176   -1.99898   -0.00164    668.306     0.5437    97.9870     91.024     90.834    34.6632    34.6595    27.0928    27.0898    1487.98    1487.98         41 0.0000e+00
      16086  89.238614    482.000    478.779     7.4670     7.4675   3.562191   3.561973     1.1453     1.2776    0.00170    0.00158   -1.99898   -0.00164    670.214     0.5483    98.0084     91.428     91.301    34.6617    34.6588    27.0931    27.0908    1487.96    1487.96         37 0.0000e+00
      16111  89.238626    483.000    479.772     7.4518     7.4527   3.560769   3.560533     1.1462     1.2791    0.00222    0.00183   -1.99898   -0.00164    671.239     0.5485    98.0040     91.599     91.536    34.6609    34.6575    27.0947    27.0919    1487.91    1487.91         19 0.0000e+00
      16128  89.238634    484.000    480.769     7.4426     7.4432   3.559916   3.559658     1.1467     1.2796    0.00194    0.00159   -1.99898   -0.00164    671.942     0.5456    98.0099     91.705     91.625    34.6604    34.6570    27.0956    27.0929    1487.90    1487.89         16 0.0000e+00
