examples/fr26/data/cnv/dfr26041d.cnv
* Sea-Bird SBE 9 Data File:
* FileName = C:\SEASOFT\PIRATA-FR26\data\fr26041.hex
* Software Version Seasave V 7.23.2
* Temperature SN = 6083
* Conductivity SN = 4509
* Number of Bytes Per Scan = 38
* Number of Voltage Words = 3
* Number of Scans Averaged by the Deck Unit = 1
* NMEA Latitude = 01 59.94 S
* NMEA Longitude = 000 00.09 W
* NMEA UTC (Time) = Mar 29 2016  05:32:26
** Cruise: PIRATA-FR26
** Ship: THALASSA
** Station: 041
** Bottom Depth: 4732
** Pressure frequency switch pos 2 before station: 33094.160
** Pressure frequency switch pos 2 after station: 33091.546
** Operator: YG/PR
** Comments:
# nquan = 27
# nvalues = 2021                        
# units = specified
# name 0 = scan: Scan Count
# name 1 = timeJ: Julian Days
# name 2 = prDM: Pressure, Digiquartz [db]
# name 3 = depSM: Depth [salt water, m]
# name 4 = t090C: Temperature [ITS-90, deg C]
# name 5 = t190C: Temperature, 2 [ITS-90, deg C]
# name 6 = c0S/m: Conductivity [S/m]
# name 7 = c1S/m: Conductivity, 2 [S/m]
# name 8 = sbeox0V: Oxygen raw, SBE 43 [V]
# name 9 = sbeox1V: Oxygen raw, SBE 43, 2 [V]
# name 10 = sbeox1dOV/dT: Oxygen, SBE 43, 2 [dov/dt]
# name 11 = sbeox0dOV/dT: Oxygen, SBE 43 [dov/dt]
# name 12 = latitude: Latitude [deg]
# name 13 = longitude: Longitude [deg]
# name 14 = timeS: Time, Elapsed [seconds]
# name 15 = flECO-AFL: Fluorescence, WET Labs ECO-AFL/FL [mg/m^3]
# name 16 = CStarTr0: Beam Transmission, WET Labs C-Star [%]
# name 17 = sbeox0Mm/Kg: Oxygen, SBE 43 [umol/kg], WS = 2
# name 18 = sbeox1Mm/Kg: Oxygen, SBE 43, 2 [umol/kg], WS = 2
# name 19 = sal00: Salinity, Practical [PSU]
# name 20 = sal11: Salinity, Practical, 2 [PSU]
# name 21 = sigma-é00: Density [sigma-theta, kg/m^3]
# name 22 = sigma-é11: Density, 2 [sigma-theta, kg/m^3]
# name 23 = svCM: Sound Velocity [Chen-Millero, m/s]
# name 24 = svCM1: Sound Velocity, 2 [Chen-Millero, m/s]
# name 25 = nbin: number of scans per bin
# name 26 = flag: flag
# span 0 =      -1518,      51452       
# span 1 =  89.230124,  89.255669       
# span 2 =      2.000,   2022.000       
# span 3 =      1.982,   2001.220       
# span 4 =     3.4835,    29.1841       
# span 5 =     3.4838,    29.1846       
# span 6 =   3.292559,   5.752957       
# span 7 =   3.291609,   5.752387       
# span 8 =     0.9870,     2.7746       
# span 9 =     1.1016,     3.1607       
# span 10 =   -0.07640,    0.02399      
# span 11 =   -0.06893,    0.02173      
# span 12 =   -1.99914,   -1.99890      
# span 13 =   -0.00170,   -0.00110      
# span 14 =    -63.298,   2143.783      
# span 15 =     0.5158,     2.5811      
# span 16 =    95.1736,    98.4254      
# span 17 =     60.913,    229.373      
# span 18 =     61.712,    228.934      
# span 19 =    34.4828,    36.0312      
# span 20 =    34.4798,    36.0110      
# span 21 =    22.0089,    27.8193      
# span 22 =    22.0061,    27.8100      
# span 23 =    1481.88,    1544.16      
# span 24 =    1481.87,    1544.16      
# span 25 =         12,         85      
# span 26 = 0.0000e+00, 0.0000e+00      
# interval = decibars: 1                
# start_time = Mar 29 2016 05:32:26 [System UTC, first data scan.]
# bad_flag = -9.990e-29
*END*
      -1518  89.230124      2.000      1.982    29.1793    29.1789   5.749098   5.748496     2.6532     3.0147   -0.00219    0.00049   -1.99897   -0.00170    -63.298     0.5794    97.8074    189.623    189.382    35.0063    35.0024    22.0089    22.0061    1543.93    1543.91         19 0.0000e+00
       1741  89.231695      3.000      2.993    29.1797    29.1801   5.750213   5.749684     2.6595     3.0305    0.00194    0.00112   -1.99908   -0.00162     72.481     0.5821    97.8755    190.192    190.596    35.0133    35.0094    22.0141    22.0111    1543.95    1543.95         62 0.0000e+00
       2855  89.232233      4.000      3.979    29.1796    29.1794   5.750587   5.750038     2.6609     3.0322   -0.00031    0.00237   -1.99912   -0.00160    118.908     0.5828    97.8989    190.340    190.745    35.0157    35.0121    22.0161    22.0134    1543.97    1543.96         32 0.0000e+00
       2901  89.232255      5.000      4.976    29.1763    29.1758   5.750304   5.749700     2.6595     3.0310    0.00002    0.00011   -1.99912   -0.00160    120.845     0.5785    97.8850    190.243    190.686    35.0159    35.0121    22.0174    22.0147    1543.98    1543.97         45 0.0000e+00
       2957  89.232282      6.000      5.966    29.1756    29.1760   5.750270   5.749732     2.6588     3.0273   -0.00130   -0.00082   -1.99912   -0.00160    123.153     0.5814    97.8631    190.212    190.431    35.0159    35.0119    22.0177    22.0146    1543.99    1543.99         60 0.0000e+00
       3007  89.232306      7.000      6.960    29.1783    29.1795   5.750552   5.750108     2.6593     3.0299   -0.00179   -0.00052   -1.99912   -0.00160    125.255     0.5832    97.8909    190.269    190.643    35.0156    35.0116    22.0166    22.0132    1544.02    1544.02         41 0.0000e+00
       3052  89.232328      8.000      7.958    29.1833    29.1836   5.751032   5.750505     2.6602     3.0311    0.00131    0.00021   -1.99912   -0.00160    127.115     0.5800    97.8859    190.350    190.743    35.0149    35.0110    22.0145    22.0115    1544.04    1544.04         54 0.0000e+00
       3108  89.232355      9.000      8.946    29.1841    29.1846   5.751155   5.750623     2.6594     3.0346    0.00068    0.00027   -1.99912   -0.00160    129.455     0.5787    97.8995    190.307    191.028    35.0149    35.0108    22.0143    22.0111    1544.06    1544.06         47 0.0000e+00
       3144  89.232372     10.000      9.945    29.1825    29.1828   5.751044   5.750483     2.6578     3.0349    0.00073    0.00076   -1.99912   -0.00160    130.973     0.5814    97.9064    190.192    191.081    35.0150    35.0109    22.0151    22.0119    1544.08    1544.07         34 0.0000e+00
       3197  89.232398     11.000     10.941    29.1815    29.1819   5.751027   5.750471     2.6595     3.0288   -0.00121   -0.00057   -1.99912   -0.00160    133.151     0.5747    97.8993    190.361    190.644    35.0153    35.0112    22.0156    22.0125    1544.09    1544.09         78 0.0000e+00
       3263  89.232430     12.000     11.928    29.1803    29.1809   5.751275   5.750719     2.6568     3.0343    0.00079    0.00118   -1.99912   -0.00160    135.931     0.5641    97.8984    190.154    191.080    35.0176    35.0134    22.0178    22.0145    1544.11    1544.10         39 0.0000e+00
       3294  89.232445     13.000     12.930    29.1764    29.1769   5.751569   5.750979     2.6600     3.0296    0.00276   -0.00140   -1.99912   -0.00160    137.222     0.5804    97.8793    190.464    190.756    35.0222    35.0177    22.0227    22.0192    1544.12    1544.12         33 0.0000e+00
       3342  89.232468     14.000     13.925    29.1763    29.1770   5.751669   5.751096     2.6607     3.0307   -0.00135    0.00051   -1.99912   -0.00160    139.208     0.5817    97.8715    190.549    190.863    35.0226    35.0182    22.0232    22.0196    1544.14    1544.14         68 0.0000e+00
       3403  89.232497     15.000     14.910    29.1710    29.1702   5.752105   5.751597     2.6611     3.0301    0.00291   -0.00007   -1.99912   -0.00160    141.750     0.5834    97.7896    190.617    190.848    35.0292    35.0263    22.0299    22.0281    1544.15    1544.15         40 0.0000e+00
       3434  89.232512     16.000     15.909    29.1678    29.1680   5.752236   5.751686     2.6611     3.0288   -0.00110    0.00166   -1.99912   -0.00160    143.027     0.5796    97.8757    190.639    190.772    35.0322    35.0283    22.0333    22.0303    1544.16    1544.16         28 0.0000e+00
       3465  89.232527     17.000     16.914    29.1541    29.1546   5.752544   5.752023     2.6625     3.0304   -0.00102   -0.00068   -1.99913   -0.00160    144.335     0.5819    97.8723    190.811    190.945    35.0440    35.0401    22.0469    22.0438    1544.16    1544.16         39 0.0000e+00
       3564  89.232575     18.000     17.896    29.1357    29.1359   5.752957   5.752387     2.6611     3.0304    0.00180    0.00078   -1.99914   -0.00160    148.459     0.5833    97.8584    190.754    191.002    35.0601    35.0560    22.0652    22.0621    1544.16    1544.15         38 0.0000e+00
       3612  89.232598     19.000     18.893    29.1016    29.0992   5.752548   5.751916     2.6647     3.0321    0.00125   -0.00192   -1.99912   -0.00160    150.439     0.5827    97.8529    191.170    191.234    35.0819    35.0794    22.0931    22.0920    1544.13    1544.12         18 0.0000e+00
       3630  89.232607     20.000     19.903    29.0564    29.0632   5.751774   5.751279     2.6698     3.0335   -0.00172   -0.00506   -1.99912   -0.00160    151.214     0.5787    97.8252    191.750    191.437    35.1095    35.1011    22.1290    22.1205    1544.07    1544.08         21 0.0000e+00
       3672  89.232627     21.000     20.888    28.9450    28.9421   5.749500   5.748806     2.6810     3.0517    0.00166    0.00317   -1.99913   -0.00159    152.959     0.5867    97.7871    193.027    193.118    35.1756    35.1729    22.2160    22.2150    1543.92    1543.91         69 0.0000e+00
       3737  89.232658     22.000     21.879    28.8146    28.8015   5.747372   5.746486     2.6936     3.0664    0.00723    0.00567   -1.99914   -0.00158    155.648     0.6073    97.6933    194.469    194.577    35.2570    35.2605    22.3207    22.3277    1543.74    1543.72         56 0.0000e+00
       3810  89.232693     23.000     22.870    28.6209    28.6193   5.742811   5.742074     2.7042     3.0796    0.00580    0.00469   -1.99914   -0.00158    158.693     0.6066    97.6079    195.907    196.022    35.3688    35.3650    22.4692    22.4669    1543.46    1543.45         74 0.0000e+00
       3860  89.232717     24.000     23.864    28.3436    28.3490   5.734782   5.734089     2.7219     3.0991    0.00282    0.00118   -1.99914   -0.00158    160.791     0.6107    97.5661    198.199    198.178    35.5201    35.5112    22.6747    22.6662    1543.03    1543.04         36 0.0000e+00
       3894  89.232734     25.000     24.863    27.8172    27.8246   5.715118   5.714281     2.7508     3.1261    0.00512    0.00630   -1.99914   -0.00158    162.213     0.6467    97.4273    202.181    201.566    35.7801    35.7686    23.0430    23.0319    1542.17    1542.17         36 0.0000e+00
       3937  89.232755     26.000     25.856    27.3496    27.3516   5.688224   5.687016     2.7738     3.1505    0.01754    0.01705   -1.99914   -0.00158    164.004     0.6638    97.2794    205.597    204.740    35.9471    35.9370    23.3208    23.3125    1541.32    1541.32         50 0.0000e+00
       3987  89.232779     27.000     26.852    27.1986    27.1971   5.673165   5.672006     2.7746     3.1572    0.01327    0.01269   -1.99914   -0.00158    166.090     0.6907    97.2096    206.182    205.757    35.9558    35.9487    23.3761    23.3712    1541.01    1541.00         53 0.0000e+00
       4049  89.232809     28.000     27.842    27.0326    27.0243   5.656557   5.654724     2.7686     3.1607    0.00129   -0.00150   -1.99914   -0.00158    168.659     0.6972    97.1939    206.202    206.593    35.9650    35.9583    23.4364    23.4341    1540.66    1540.63         59 0.0000e+00
       4092  89.232829     29.000     28.834    26.5787    26.5848   5.607406   5.606569     2.7655     3.1569    0.00345   -0.00240   -1.99914   -0.00158    170.457     0.7248    97.1291    207.476    207.734    35.9634    35.9526    23.5801    23.5700    1539.64    1539.64         32 0.0000e+00
       4121  89.232843     30.000     29.837    26.4252    26.4257   5.591472   5.590535     2.7605     3.1528   -0.00251   -0.00351   -1.99914   -0.00158    171.675     0.7354    96.9799    207.551    207.938    35.9675    35.9602    23.6319    23.6262    1539.31    1539.30         31 0.0000e+00
       4191  89.232877     31.000     30.827    26.2981    26.2970   5.578656   5.577669     2.7497     3.1422   -0.00271   -0.00114   -1.99914   -0.00158    174.577     0.7557    96.8710    207.010    207.531    35.9735    35.9671    23.6766    23.6721    1539.04    1539.03         52 0.0000e+00
       4247  89.232904     32.000     31.814    26.2610    26.2611   5.575102   5.574285     2.7428     3.1332   -0.00362   -0.00302   -1.99914   -0.00158    176.913     0.7512    96.7068    206.516    206.950    35.9764    35.9704    23.6905    23.6860    1538.97    1538.97         20 0.0000e+00
       4267  89.232914     33.000     32.823    26.1624    26.1594   5.564125   5.562676     2.7462     3.1358   -0.00277   -0.00533   -1.99914   -0.00158    177.730     0.7529    96.6912    207.199    207.523    35.9733    35.9652    23.7193    23.7141    1538.76    1538.74         21 0.0000e+00
       4311  89.232935     34.000     33.818    25.9944    26.0014   5.546785   5.546677     2.7500     3.1396   -0.00310   -0.00269   -1.99914   -0.00158    179.604     0.7706    96.7238    208.137    208.350    35.9784    35.9720    23.7758    23.7688    1538.39    1538.40         52 0.0000e+00
       4410  89.232983     35.000     34.797    25.7118    25.6937   5.517978   5.514572     2.7080     3.0935   -0.00236   -0.00165   -1.99914   -0.00158    183.689     0.8193    96.6263    205.206    205.676    35.9894    35.9786    23.8723    23.8697    1537.75    1537.70         28 0.0000e+00
       4432  89.232993     36.000     35.801    24.7745    24.7647   5.423195   5.419457     2.6542     3.0363   -0.00852   -0.00531   -1.99914   -0.00158    184.632     0.8149    96.6112    203.288    204.048    36.0312    36.0110    24.1916    24.1793    1535.58    1535.53         26 0.0000e+00
       4463  89.233008     37.000     36.800    23.7136    23.7123   5.306918   5.304134     2.5991     2.9753   -0.02961   -0.02929   -1.99914   -0.00158    185.935     0.8724    96.5233    201.680    202.534    36.0069    35.9867    24.4904    24.4755    1532.96    1532.93         41 0.0000e+00
       4518  89.233035     38.000     37.785    22.9251    22.9165   5.216090   5.213605     2.5172     2.8874   -0.04938   -0.04489   -1.99914   -0.00158    188.211     0.9234    96.4875    196.502    197.892    35.9511    35.9389    24.6786    24.6718    1530.93    1530.89         57 0.0000e+00
       4573  89.233061     39.000     38.783    22.0198    22.0209   5.120729   5.119380     2.3701     2.7293   -0.04705   -0.04502   -1.99914   -0.00158    190.493     1.4022    95.8907    185.023    187.393    35.9518    35.9403    24.9375    24.9284    1528.61    1528.60         69 0.0000e+00
       4636  89.233092     40.000     39.767    21.5108    21.5118   5.067230   5.065748     2.2206     2.5554   -0.07640   -0.06893   -1.99914   -0.00158    193.124     2.0071    95.2452    171.779    174.111    35.9516    35.9388    25.0799    25.0699    1527.29    1527.28         38 0.0000e+00
       4663  89.233105     41.000     40.772    20.9627    20.9650   5.009955   5.008364     2.1329     2.4622   -0.06271   -0.05015   -1.99914   -0.00158    194.260     1.9596    95.1736    164.604    167.681    35.9523    35.9375    25.2313    25.2194    1525.85    1525.84         26 0.0000e+00
       4696  89.233121     42.000     41.771    20.7000    20.7015   4.982544   4.981416     2.0666     2.3793   -0.07097   -0.06407   -1.99914   -0.00158    195.634     1.9356    95.4953    158.663    161.231    35.9523    35.9418    25.3028    25.2945    1525.15    1525.15         46 0.0000e+00
       4778  89.233160     43.000     42.754    20.4873    20.4913   4.960707   4.960095     1.9943     2.2818   -0.04823   -0.03733   -1.99914   -0.00158    199.030     1.9339    95.8397    151.933    153.311    35.9548    35.9464    25.3623    25.3548    1524.60    1524.60         85 0.0000e+00
       4823  89.233182     44.000     43.750    20.2572    20.2591   4.938168   4.937062     1.9744     2.2561   -0.01918   -0.01441   -1.99914   -0.00157    200.897     1.8901    96.0110    150.520    151.674    35.9662    35.9556    25.4327    25.4241    1524.00    1523.99         27 0.0000e+00
       4849  89.233195     45.000     44.755    20.0455    20.0468   4.917846   4.916816     1.9667     2.2474   -0.01844   -0.01466   -1.99914   -0.00156    202.008     2.0639    96.0464    150.306    151.477    35.9800    35.9704    25.4996    25.4919    1523.45    1523.44         32 0.0000e+00
       4902  89.233220     46.000     45.741    19.8932    19.8993   4.902029   4.901682     1.9476     2.2234   -0.01078   -0.00858   -1.99914   -0.00156    204.206     2.2440    95.9299    148.774    149.759    35.9799    35.9718    25.5399    25.5321    1523.04    1523.05         67 0.0000e+00
       4955  89.233246     47.000     46.738    19.6554    19.6576   4.876947   4.875971     1.9219     2.1936   -0.01138   -0.00866   -1.99914   -0.00156    206.423     2.3226    96.0174    146.768    147.779    35.9764    35.9664    25.5999    25.5916    1522.40    1522.39         44 0.0000e+00
       5002  89.233268     48.000     47.727    19.3691    19.3718   4.848040   4.847038     1.8966     2.1648   -0.01337   -0.01185   -1.99914   -0.00156    208.360     2.5811    95.9681    144.917    145.968    35.9827    35.9720    25.6794    25.6705    1521.62    1521.61         45 0.0000e+00
       5037  89.233285     49.000     48.720    18.9278    18.9306   4.801522   4.799828     1.8730     2.1395   -0.01523   -0.01298   -1.99914   -0.00156    209.832     2.4790    96.0588    143.632    144.878    35.9752    35.9586    25.7875    25.7740    1520.38    1520.37         27 0.0000e+00
       5062  89.233297     50.000     49.725    18.5645    18.5663   4.761728   4.760375     1.8638     2.1296   -0.01488   -0.01349   -1.99914   -0.00156    210.891     2.2686    96.0807    143.663    144.963    35.9555    35.9424    25.8648    25.8544    1519.34    1519.33         28 0.0000e+00
       5142  89.233336     51.000     50.717    18.2078    18.1996   4.723351   4.721106     1.8534     2.1150   -0.01328   -0.01108   -1.99914   -0.00156    214.224     2.1236    96.3855    143.537    144.629    35.9412    35.9292    25.9437    25.9365    1518.31    1518.27         37 0.0000e+00
       5199  89.233363     52.000     51.710    18.0324    18.0334   4.704191   4.703008     1.8563     2.1122   -0.01131   -0.00629   -1.99914   -0.00156    216.592     1.9091    96.3381    144.343    144.842    35.9310    35.9199    25.9795    25.9708    1517.80    1517.80         20 0.0000e+00
       5223  89.233375     53.000     52.713    17.9446    17.9454   4.694568   4.693700     1.8672     2.1244   -0.00523   -0.00263   -1.99914   -0.00156    217.595     1.8171    96.5623    145.763    146.209    35.9253    35.9171    25.9970    25.9905    1517.56    1517.55         32 0.0000e+00
       5273  89.233399     54.000     53.692    17.8997    17.9019   4.689513   4.688965     1.8774     2.1355    0.01034    0.01033   -1.99914   -0.00156    219.660     1.8651    96.6040    146.991    147.365    35.9211    35.9144    26.0049    25.9992    1517.44    1517.44         56 0.0000e+00
