examples/fr26/data/cnv/dfr26041d.cnv
* Sea-Bird SBE 9 Data File:
* FileName = C:\SEASOFT\PIRATA-FR26\data\fr26041.hex
* Software Version Seasave V 7.23.2
* Temperature SN = 6083
* Conductivity SN = 4509
* Number of Bytes Per Scan = 38
* Number of Voltage Words = 3
* Number of Scans Averaged by the Deck Unit = 1
* NMEA Latitude = 01 59.94 S
* NMEA Longitude = 000 00.09 W
* NMEA UTC (Time) = Mar 29 2016  05:32:26
** Cruise: PIRATA-FR26
** Ship: THALASSA
** Station: 041
** Bottom Depth: 4732
** Pressure frequency switch pos 2 before station: 33094.160
** Pressure frequency switch pos 2 after station: 33091.546
** Operator: YG/PR
** Comments:
# nquan = 27
# nvalues = 2021                        
# units = specified
# name 0 = scan: Scan Count
# name 1 = timeJ: Julian Days
# name 2 = prDM: Pressure, Digiquartz [db]
# name 3 = depSM: Depth [salt water, m]
# name 4 = t090C: Temperature [ITS-90, deg C]
# name 5 = t190C: Temperature, 2 [ITS-90, deg C]
# name 6 = c0S/m: Conductivity [S/m]
# name 7 = c1S/m: Conductivity, 2 [S/m]
# name 8 = sbeox0V: Oxygen raw, SBE 43 [V]
# name 9 = sbeox1V: Oxygen raw, SBE 43, 2 [V]
# name 10 = sbeox1dOV/dT: Oxygen, SBE 43, 2 [dov/dt]
# name 11 = sbeox0dOV/dT: Oxygen, SBE 43 [dov/dt]
# name 12 = latitude: Latitude [deg]
# name 13 = longitude: Longitude [deg]
# name 14 = timeS: Time, Elapsed [seconds]
# name 15 = flECO-AFL: Fluorescence, WET Labs ECO-AFL/FL [mg/m^3]
# name 16 = CStarTr0: Beam Transmission, WET Labs C-Star [%]
# name 17 = sbeox0Mm/Kg: Oxygen, SBE 43 [umol/kg], WS = 2
# name 18 = sbeox1Mm/Kg: Oxygen, SBE 43, 2 [umol/kg], WS = 2
# name 19 = sal00: Salinity, Practical [PSU]
# name 20 = sal11: Salinity, Practical, 2 [PSU]
# name 21 = sigma-é00: Density [sigma-theta, kg/m^3]
# name 22 = sigma-é11: Density, 2 [sigma-theta, kg/m^3]
# name 23 = svCM: Sound Velocity [Chen-Millero, m/s]
# name 24 = svCM1: Sound Velocity, 2 [Chen-Millero, m/s]
# name 25 = nbin: number of scans per bin
# name 26 = flag: flag
# span 0 =      -1518,      51452       
# span 1 =  89.230124,  89.255669       
# span 2 =      2.000,   2022.000       
# span 3 =      1.982,   2001.220       
# span 4 =     3.4835,    29.1841       
# span 5 =     3.4838,    29.1846       
# span 6 =   3.292559,   5.752957       
# span 7 =   3.291609,   5.752387       
# span 8 =     0.9870,     2.7746       
# span 9 =     1.1016,     3.1607       
# span 10 =   -0.07640,    0.02399      
# span 11 =   -0.06893,    0.02173      
# span 12 =   -1.99914,   -1.99890      
# span 13 =   -0.00170,   -0.00110      
# span 14 =    -63.298,   2143.783      
# span 15 =     0.5158,     2.5811      
# span 16 =    95.1736,    98.4254      
# span 17 =     60.913,    229.373      
# span 18 =     61.712,    228.934      
# span 19 =    34.4828,    36.0312      
# span 20 =    34.4798,    36.0110      
# span 21 =    22.0089,    27.8193      
# span 22 =    22.0061,    27.8100      
# span 23 =    1481.88,    1544.16      
# span 24 =    1481.87,    1544.16      
# span 25 =         12,         85      
# span 26 = 0.0000e+00, 0.0000e+00      
# interval = decibars: 1                
# start_time = Mar 29 2016 05:32:26 [System UTC, first data scan.]
# bad_flag = -9.990e-29
*END*
[from data line 913]
      25684  89.243242    915.000    907.963     4.5286     4.5290   3.306407   3.306212     1.3931     1.5647   -0.00023   -0.00005   -1.99896   -0.00150   1070.123     0.5437    98.1834    144.294    144.243    34.5631    34.5604    27.3900    27.3879    1483.30    1483.30         19 0.0000e+00
      25703  89.243251    916.000    908.957     4.5282     4.5285   3.306429   3.306233     1.3921     1.5641   -0.00004    0.00003   -1.99896   -0.00150   1070.911     0.5325    98.1863    144.160    144.176    34.5634    34.5607    27.3903    27.3881    1483.31    1483.31         19 0.0000e+00
      25723  89.243261    917.000    909.948     4.5270     4.5275   3.306396   3.306206     1.3919     1.5641   -0.00010   -0.00012   -1.99896   -0.00150   1071.762     0.5600    98.1812    144.149    144.198    34.5636    34.5610    27.3906    27.3885    1483.33    1483.32         22 0.0000e+00
      25746  89.243272    918.000    910.937     4.5260     4.5264   3.306384   3.306180     1.3920     1.5637   -0.00060   -0.00037   -1.99896   -0.00150   1072.707     0.5464    98.1857    144.180    144.169    34.5641    34.5613    27.3911    27.3888    1483.34    1483.34         23 0.0000e+00
      25768  89.243283    919.000    911.917     4.5235     4.5239   3.306287   3.306073     1.3922     1.5633   -0.00059   -0.00074   -1.99896   -0.00150   1073.612     0.5406    98.1928    144.241    144.138    34.5650    34.5621    27.3922    27.3898    1483.35    1483.34         20 0.0000e+00
      25786  89.243291    920.000    912.912     4.5211     4.5215   3.306143   3.305941     1.3921     1.5630   -0.00011   -0.00033   -1.99896   -0.00150   1074.358     0.5399    98.1934    144.252    144.118    34.5654    34.5625    27.3927    27.3904    1483.35    1483.35         16 0.0000e+00
      25801  89.243299    921.000    913.903     4.5196     4.5201   3.306075   3.305883     1.3921     1.5631   -0.00030   -0.00003   -1.99896   -0.00150   1075.006     0.5417    98.1871    144.278    144.155    34.5657    34.5629    27.3931    27.3908    1483.36    1483.36         15 0.0000e+00
      25817  89.243306    922.000    914.906     4.5184     4.5189   3.306039   3.305845     1.3921     1.5631   -0.00042    0.00010   -1.99896   -0.00150   1075.658     0.5419    98.1859    144.310    144.184    34.5659    34.5632    27.3934    27.3912    1483.38    1483.37         17 0.0000e+00
      25835  89.243315    923.000    915.896     4.5169     4.5174   3.306008   3.305817     1.3930     1.5637   -0.00051    0.00008   -1.99896   -0.00150   1076.426     0.5408    98.1866    144.481    144.287    34.5666    34.5639    27.3941    27.3920    1483.39    1483.39         21 0.0000e+00
      25860  89.243327    924.000    916.878     4.5145     4.5149   3.305899   3.305691     1.3936     1.5641   -0.00009    0.00002   -1.99896   -0.00150   1077.477     0.5539    98.1819    144.606    144.378    34.5673    34.5645    27.3950    27.3927    1483.39    1483.39         29 0.0000e+00
      25889  89.243341    925.000    917.866     4.5128     4.5132   3.305868   3.305674     1.3945     1.5651    0.00041    0.00053   -1.99896   -0.00150   1078.657     0.5471    98.1965    144.769    144.541    34.5683    34.5656    27.3959    27.3937    1483.41    1483.40         26 0.0000e+00
      25916  89.243354    926.000    918.859     4.5114     4.5118   3.305850   3.305648     1.3955     1.5660    0.00051    0.00071   -1.99896   -0.00149   1079.809     0.5621    98.1861    144.961    144.689    34.5690    34.5662    27.3967    27.3944    1483.42    1483.41         31 0.0000e+00
      25949  89.243370    927.000    919.844     4.5108     4.5111   3.305860   3.305656     1.3963     1.5673    0.00081    0.00081   -1.99896   -0.00148   1081.177     0.5550    98.1954    145.097    144.889    34.5692    34.5665    27.3970    27.3947    1483.43    1483.43         32 0.0000e+00
      25977  89.243383    928.000    920.827     4.5089     4.5094   3.305810   3.305611     1.3967     1.5678    0.00084    0.00080   -1.99896   -0.00148   1082.322     0.5420    98.1941    145.196    144.986    34.5701    34.5673    27.3978    27.3956    1483.44    1483.44         23 0.0000e+00
      25996  89.243393    929.000    921.819     4.5060     4.5064   3.305689   3.305488     1.3968     1.5678    0.00107    0.00042   -1.99896   -0.00148   1083.113     0.5495    98.1899    145.240    145.013    34.5713    34.5685    27.3991    27.3969    1483.45    1483.44         16 0.0000e+00
      26011  89.243400    930.000    922.809     4.5023     4.5028   3.305556   3.305353     1.3968     1.5679    0.00078    0.00063   -1.99896   -0.00148   1083.736     0.5635    98.1919    145.271    145.056    34.5730    34.5701    27.4008    27.3985    1483.45    1483.45         14 0.0000e+00
      26024  89.243406    931.000    923.806     4.4990     4.4994   3.305434   3.305229     1.3970     1.5680    0.00051    0.00063   -1.99896   -0.00148   1084.291     0.5578    98.1804    145.331    145.100    34.5745    34.5717    27.4024    27.4002    1483.46    1483.45         13 0.0000e+00
      26037  89.243412    932.000    924.804     4.4952     4.4956   3.305318   3.305137     1.3973     1.5683    0.00038    0.00047   -1.99896   -0.00148   1084.845     0.5696    98.1781    145.415    145.177    34.5766    34.5740    27.4046    27.4024    1483.46    1483.46         14 0.0000e+00
      26053  89.243420    933.000    925.805     4.4936     4.4941   3.305293   3.305102     1.3980     1.5690    0.00013    0.00013   -1.99896   -0.00148   1085.488     0.5627    98.1806    145.547    145.293    34.5775    34.5748    27.4054    27.4032    1483.47    1483.47         18 0.0000e+00
      26080  89.243433    934.000    926.785     4.4927     4.4931   3.305304   3.305107     1.3991     1.5701    0.00024    0.00021   -1.99896   -0.00148   1086.631     0.5530    98.1850    145.753    145.472    34.5780    34.5753    27.4059    27.4037    1483.48    1483.48         39 0.0000e+00
      26118  89.243451    935.000    927.754     4.4929     4.4933   3.305397   3.305198     1.4003     1.5715    0.00086    0.00092   -1.99896   -0.00148   1088.194     0.5543    98.2037    145.971    145.687    34.5784    34.5756    27.4062    27.4040    1483.50    1483.50         29 0.0000e+00
      26140  89.243462    936.000    928.755     4.4929     4.4933   3.305481   3.305285     1.4004     1.5725    0.00102    0.00099   -1.99896   -0.00148   1089.132     0.5404    98.2038    145.994    145.851    34.5789    34.5762    27.4067    27.4045    1483.52    1483.52         19 0.0000e+00
      26159  89.243471    937.000    929.753     4.4920     4.4923   3.305464   3.305267     1.4004     1.5726    0.00104    0.00081   -1.99896   -0.00148   1089.936     0.5422    98.2010    146.027    145.881    34.5791    34.5764    27.4070    27.4048    1483.53    1483.53         20 0.0000e+00
      26184  89.243483    938.000    930.746     4.4908     4.4912   3.305492   3.305298     1.4012     1.5732    0.00087    0.00054   -1.99896   -0.00148   1090.944     0.5544    98.2028    146.165    145.991    34.5802    34.5775    27.4080    27.4057    1483.54    1483.54         30 0.0000e+00
      26216  89.243499    939.000    931.717     4.4907     4.4911   3.305548   3.305352     1.4017     1.5739    0.00059    0.00001   -1.99896   -0.00148   1092.280     0.5453    98.2028    146.270    146.110    34.5804    34.5777    27.4081    27.4059    1483.56    1483.56         29 0.0000e+00
      26238  89.243509    940.000    932.701     4.4911     4.4915   3.305645   3.305451     1.4016     1.5739    0.00037    0.00056   -1.99896   -0.00148   1093.196     0.5455    98.2038    146.266    146.121    34.5806    34.5780    27.4082    27.4061    1483.58    1483.58         17 0.0000e+00
      26252  89.243516    941.000    933.701     4.4914     4.4918   3.305706   3.305510     1.4017     1.5739    0.00079    0.00073   -1.99895   -0.00148   1093.812     0.5363    98.2038    146.308    146.139    34.5806    34.5778    27.4082    27.4060    1483.60    1483.60         13 0.0000e+00
      26265  89.243522    942.000    934.693     4.4911     4.4915   3.305815   3.305631     1.4012     1.5736    0.00070    0.00059   -1.99894   -0.00148   1094.336     0.5437    98.2038    146.251    146.116    34.5816    34.5790    27.4091    27.4070    1483.61    1483.61         13 0.0000e+00
      26278  89.243529    943.000    935.698     4.4904     4.4909   3.305922   3.305727     1.4011     1.5734    0.00026    0.00024   -1.99894   -0.00148   1094.856     0.5437    98.2017    146.243    146.109    34.5831    34.5804    27.4104    27.4081    1483.63    1483.63         13 0.0000e+00
      26292  89.243535    944.000    936.701     4.4894     4.4899   3.305955   3.305760     1.4013     1.5729    0.00004    0.00000   -1.99894   -0.00148   1095.469     0.5386    98.1990    146.298    146.054    34.5840    34.5812    27.4112    27.4089    1483.64    1483.64         17 0.0000e+00
      26330  89.243554    945.000    937.671     4.4910     4.4911   3.306018   3.305809     1.4019     1.5732   -0.00032   -0.00013   -1.99896   -0.00148   1097.059     0.5401    98.1980    146.415    146.119    34.5826    34.5801    27.4099    27.4078    1483.66    1483.66         62 0.0000e+00
      26379  89.243577    946.000    938.648     4.4904     4.4909   3.306075   3.305869     1.4022     1.5739   -0.00007    0.00038   -1.99896   -0.00148   1099.067     0.5660    98.2018    146.488    146.239    34.5834    34.5805    27.4106    27.4082    1483.68    1483.68         26 0.0000e+00
      26399  89.243587    947.000    939.639     4.4880     4.4884   3.306095   3.305889     1.4025     1.5738    0.00055    0.00038   -1.99896   -0.00148   1099.931     0.5662    98.2009    146.553    146.251    34.5856    34.5827    27.4126    27.4103    1483.69    1483.69         19 0.0000e+00
      26417  89.243596    948.000    940.635     4.4858     4.4862   3.306111   3.305919     1.4024     1.5740    0.00043    0.00039   -1.99895   -0.00148   1100.676     0.5652    98.2055    146.569    146.307    34.5875    34.5849    27.4144    27.4122    1483.70    1483.70         17 0.0000e+00
      26434  89.243604    949.000    941.631     4.4851     4.4855   3.306130   3.305936     1.4028     1.5744    0.00022    0.00007   -1.99894   -0.00148   1101.368     0.5666    98.2038    146.648    146.383    34.5880    34.5853    27.4149    27.4127    1483.71    1483.71         16 0.0000e+00
      26450  89.243612    950.000    942.615     4.4847     4.4852   3.306148   3.305963     1.4030     1.5745    0.00005   -0.00001   -1.99894   -0.00148   1102.043     0.5724    98.1989    146.704    146.407    34.5882    34.5854    27.4150    27.4128    1483.73    1483.73         17 0.0000e+00
      26466  89.243619    951.000    943.607     4.4833     4.4837   3.306129   3.305928     1.4029     1.5751    0.00006    0.00010   -1.99894   -0.00148   1102.708     0.5437    98.2056    146.715    146.520    34.5889    34.5861    27.4157    27.4135    1483.74    1483.74         15 0.0000e+00
      26482  89.243627    952.000    944.599     4.4803     4.4807   3.305969   3.305767     1.4033     1.5751    0.00026    0.00023   -1.99894   -0.00148   1103.366     0.5476    98.2091    146.812    146.551    34.5896    34.5869    27.4167    27.4144    1483.75    1483.74         16 0.0000e+00
      26498  89.243635    953.000    945.593     4.4743     4.4748   3.305591   3.305379     1.4034     1.5752    0.00036    0.00033   -1.99894   -0.00148   1104.046     0.5726    98.2054    146.861    146.602    34.5909    34.5880    27.4184    27.4160    1483.74    1483.74         17 0.0000e+00
      26517  89.243644    954.000    946.589     4.4669     4.4673   3.305153   3.304951     1.4040     1.5757    0.00052    0.00025   -1.99894   -0.00148   1104.843     0.5448    98.2039    147.003    146.723    34.5930    34.5902    27.4208    27.4186    1483.73    1483.73         23 0.0000e+00
      26556  89.243663    955.000    947.570     4.4700     4.4698   3.305387   3.305159     1.4047     1.5769    0.00037    0.00035   -1.99894   -0.00148   1106.465     0.5412    98.2016    147.138    146.899    34.5920    34.5896    27.4197    27.4178    1483.76    1483.75         58 0.0000e+00
      26604  89.243686    956.000    948.542     4.4673     4.4671   3.305318   3.305083     1.4056     1.5776    0.00081    0.00041   -1.99894   -0.00148   1108.457     0.5414    98.2063    147.307    147.026    34.5935    34.5909    27.4212    27.4192    1483.76    1483.76         26 0.0000e+00
      26622  89.243695    957.000    949.534     4.4667     4.4672   3.305445   3.305243     1.4055     1.5775    0.00075    0.00060   -1.99894   -0.00146   1109.225     0.5419    98.1955    147.317    147.030    34.5951    34.5923    27.4225    27.4202    1483.78    1483.78         17 0.0000e+00
      26637  89.243702    958.000    950.532     4.4663     4.4667   3.305457   3.305267     1.4054     1.5775    0.00065    0.00074   -1.99894   -0.00146   1109.843     0.5351    98.2056    147.315    147.051    34.5952    34.5925    27.4227    27.4205    1483.79    1483.79         14 0.0000e+00
      26651  89.243709    959.000    951.530     4.4671     4.4676   3.305609   3.305431     1.4054     1.5775    0.00026    0.00045   -1.99894   -0.00146   1110.414     0.5437    98.2038    147.330    147.066    34.5956    34.5931    27.4230    27.4208    1483.81    1483.81         13 0.0000e+00
      26665  89.243715    960.000    952.528     4.4681     4.4685   3.305778   3.305605     1.4055     1.5775    0.00005    0.00018   -1.99894   -0.00146   1111.003     0.5416    98.2019    147.358    147.080    34.5961    34.5936    27.4232    27.4212    1483.84    1483.83         15 0.0000e+00
      26682  89.243723    961.000    953.516     4.4687     4.4692   3.305891   3.305708     1.4054     1.5775   -0.00001    0.00003   -1.99894   -0.00146   1111.700     0.5437    98.2038    147.362    147.097    34.5962    34.5936    27.4233    27.4211    1483.86    1483.85         19 0.0000e+00
      26703  89.243734    962.000    954.502     4.4690     4.4695   3.306015   3.305820     1.4061     1.5779   -0.00002   -0.00011   -1.99894   -0.00146   1112.592     0.5650    98.2038    147.491    147.167    34.5968    34.5941    27.4237    27.4215    1483.87    1483.87         24 0.0000e+00
      26730  89.243746    963.000    955.487     4.4681     4.4686   3.306088   3.305893     1.4064     1.5787 1.1875e-07    0.00001   -1.99894   -0.00146   1113.693     0.5666    98.2018    147.568    147.299    34.5981    34.5954    27.4248    27.4226    1483.89    1483.89         28 0.0000e+00
      26756  89.243759    964.000    956.478     4.4664     4.4668   3.306348   3.306151     1.4066     1.5789    0.00020    0.00039   -1.99894   -0.00146   1114.800     0.5683    98.2048    147.616    147.352    34.6024    34.5997    27.4285    27.4263    1483.90    1483.90         26 0.0000e+00
      26784  89.243773    965.000    957.466     4.4660     4.4664   3.306432   3.306239     1.4074     1.5796    0.00069    0.00050   -1.99894   -0.00146   1115.947     0.5633    98.2068    147.763    147.468    34.6033    34.6007    27.4293    27.4271    1483.92    1483.92         28 0.0000e+00
      26811  89.243786    966.000    958.453     4.4651     4.4656   3.306484   3.306292     1.4078     1.5802    0.00021    0.00013   -1.99894   -0.00146   1117.096     0.5673    98.2158    147.855    147.570    34.6043    34.6016    27.4301    27.4279    1483.93    1483.93         26 0.0000e+00
      26834  89.243797    967.000    959.441     4.4659     4.4664   3.306749   3.306563     1.4086     1.5810    0.00046    0.00045   -1.99894   -0.00146   1118.058     0.5507    98.2210    148.000    147.709    34.6061    34.6035    27.4315    27.4293    1483.96    1483.95         21 0.0000e+00
