examples/fr26/data/cnv/dfr26041d.cnv
* Sea-Bird SBE 9 Data File:
* FileName = C:\SEASOFT\PIRATA-FR26\data\fr26041.hex
* Software Version Seasave V 7.23.2
* Temperature SN = 6083
* Conductivity SN = 4509
* Number of Bytes Per Scan = 38
* Number of Voltage Words = 3
* Number of Scans Averaged by the Deck Unit = 1
* NMEA Latitude = 01 59.94 S
* NMEA Longitude = 000 00.09 W
* NMEA UTC (Time) = Mar 29 2016  05:32:26
** Cruise: PIRATA-FR26
** Ship: THALASSA
** Station: 041
** Bottom Depth: 4732
** Pressure frequency switch pos 2 before station: 33094.160
** Pressure frequency switch pos 2 after station: 33091.546
** Operator: YG/PR
** Comments:
# nquan = 27
# nvalues = 2021                        
# units = specified
# name 0 = scan: Scan Count
# name 1 = timeJ: Julian Days
# name 2 = prDM: Pressure, Digiquartz [db]
# name 3 = depSM: Depth [salt water, m]
# name 4 = t090C: Temperature [ITS-90, deg C]
# name 5 = t190C: Temperature, 2 [ITS-90, deg C]
# name 6 = c0S/m: Conductivity [S/m]
# name 7 = c1S/m: Conductivity, 2 [S/m]
# name 8 = sbeox0V: Oxygen raw, SBE 43 [V]
# name 9 = sbeox1V: Oxygen raw, SBE 43, 2 [V]
# name 10 = sbeox1dOV/dT: Oxygen, SBE 43, 2 [dov/dt]
# name 11 = sbeox0dOV/dT: Oxygen, SBE 43 [dov/dt]
# name 12 = latitude: Latitude [deg]
# name 13 = longitude: Longitude [deg]
# name 14 = timeS: Time, Elapsed [seconds]
# name 15 = flECO-AFL: Fluorescence, WET Labs ECO-AFL/FL [mg/m^3]
# name 16 = CStarTr0: Beam Transmission, WET Labs C-Star [%]
# name 17 = sbeox0Mm/Kg: Oxygen, SBE 43 [umol/kg], WS = 2
# name 18 = sbeox1Mm/Kg: Oxygen, SBE 43, 2 [umol/kg], WS = 2
# name 19 = sal00: Salinity, Practical [PSU]
# name 20 = sal11: Salinity, Practical, 2 [PSU]
# name 21 = sigma-é00: Density [sigma-theta, kg/m^3]
# name 22 = sigma-é11: Density, 2 [sigma-theta, kg/m^3]
# name 23 = svCM: Sound Velocity [Chen-Millero, m/s]
# name 24 = svCM1: Sound Velocity, 2 [Chen-Millero, m/s]
# name 25 = nbin: number of scans per bin
# name 26 = flag: flag
# span 0 =      -1518,      51452       
# span 1 =  89.230124,  89.255669       
# span 2 =      2.000,   2022.000       
# span 3 =      1.982,   2001.220       
# span 4 =     3.4835,    29.1841       
# span 5 =     3.4838,    29.1846       
# span 6 =   3.292559,   5.752957       
# span 7 =   3.291609,   5.752387       
# span 8 =     0.9870,     2.7746       
# span 9 =     1.1016,     3.1607       
# span 10 =   -0.07640,    0.02399      
# span 11 =   -0.06893,    0.02173      
# span 12 =   -1.99914,   -1.99890      
# span 13 =   -0.00170,   -0.00110      
# span 14 =    -63.298,   2143.783      
# span 15 =     0.5158,     2.5811      
# span 16 =    95.1736,    98.4254      
# span 17 =     60.913,    229.373      
# span 18 =     61.712,    228.934      
# span 19 =    34.4828,    36.0312      
# span 20 =    34.4798,    36.0110      
# span 21 =    22.0089,    27.8193      
# span 22 =    22.0061,    27.8100      
# span 23 =    1481.88,    1544.16      
# span 24 =    1481.87,    1544.16      
# span 25 =         12,         85      
# span 26 = 0.0000e+00, 0.0000e+00      
# interval = decibars: 1                
# start_time = Mar 29 2016 05:32:26 [System UTC, first data scan.]
# bad_flag = -9.990e-29
*END*
[from data line 645]
      19732  89.240372    647.000    642.443     5.4166     5.4170   3.368226   3.367998     1.4062     1.5763   -0.00220   -0.00136   -1.99896   -0.00160    822.108     0.5423    98.0915    138.245    137.643    34.4945    34.4915    27.2319    27.2294    1482.40    1482.40         21 0.0000e+00
      19758  89.240384    648.000    643.440     5.4132     5.4135   3.367987   3.367785     1.4102     1.5809    0.00014    0.00175   -1.99896   -0.00160    823.206     0.5451    98.0838    138.883    138.284    34.4948    34.4922    27.2326    27.2304    1482.41    1482.41         36 0.0000e+00
      19806  89.240408    649.000    644.410     5.4098     5.4095   3.367730   3.367441     1.4140     1.5864    0.00449    0.00466   -1.99896   -0.00160    825.219     0.5427    98.0829    139.502    139.037    34.4948    34.4918    27.2330    27.2306    1482.41    1482.41         44 0.0000e+00
      19833  89.240421    650.000    645.397     5.3986     5.3991   3.366685   3.366451     1.4146     1.5878    0.00366    0.00288   -1.99896   -0.00160    826.352     0.5471    98.0919    139.657    139.280    34.4938    34.4907    27.2335    27.2310    1482.38    1482.38         19 0.0000e+00
      19849  89.240428    651.000    646.397     5.3923     5.3926   3.366106   3.365865     1.4151     1.5886    0.00283    0.00205   -1.99896   -0.00160    827.009     0.5437    98.0724    139.772    139.422    34.4933    34.4902    27.2339    27.2313    1482.37    1482.37         15 0.0000e+00
      19863  89.240435    652.000    647.395     5.3850     5.3852   3.365419   3.365149     1.4162     1.5896    0.00212    0.00132   -1.99896   -0.00160    827.597     0.5394    98.0849    139.982    139.601    34.4923    34.4891    27.2340    27.2314    1482.36    1482.35         14 0.0000e+00
      19878  89.240442    653.000    648.394     5.3750     5.3749   3.364439   3.364125     1.4176     1.5909    0.00164    0.00077   -1.99896   -0.00160    828.198     0.5436    98.0711    140.248    139.827    34.4909    34.4874    27.2341    27.2313    1482.33    1482.33         15 0.0000e+00
      19894  89.240450    654.000    649.387     5.3611     5.3614   3.363078   3.362838     1.4197     1.5929    0.00138    0.00064   -1.99896   -0.00160    828.888     0.5420    98.0654    140.645    140.164    34.4891    34.4861    27.2343    27.2319    1482.29    1482.28         18 0.0000e+00
      19916  89.240460    655.000    650.376     5.3492     5.3497   3.361904   3.361669     1.4232     1.5962    0.00143    0.00116   -1.99896   -0.00160    829.774     0.5461    98.0653    141.240    140.663    34.4874    34.4842    27.2343    27.2318    1482.25    1482.25         25 0.0000e+00
      19944  89.240474    656.000    651.361     5.3312     5.3312   3.360166   3.359902     1.4284     1.6013    0.00224    0.00241   -1.99896   -0.00160    830.969     0.5427    98.0680    142.124    141.426    34.4855    34.4824    27.2350    27.2325    1482.20    1482.19         31 0.0000e+00
      19973  89.240488    657.000    652.346     5.3134     5.3139   3.358476   3.358255     1.4333     1.6068    0.00358    0.00376   -1.99896   -0.00160    832.181     0.5437    98.0707    142.965    142.233    34.4839    34.4808    27.2358    27.2333    1482.14    1482.14         26 0.0000e+00
      19996  89.240499    658.000    653.342     5.3018     5.3025   3.357407   3.357214     1.4375     1.6112    0.00409    0.00422   -1.99896   -0.00160    833.111     0.5422    98.0722    143.667    142.874    34.4830    34.4802    27.2365    27.2342    1482.11    1482.11         20 0.0000e+00
      20016  89.240509    659.000    654.337     5.2932     5.2936   3.356652   3.356434     1.4412     1.6153    0.00451    0.00427   -1.99896   -0.00160    833.941     0.5452    98.0847    144.292    143.468    34.4828    34.4798    27.2374    27.2349    1482.09    1482.09         20 0.0000e+00
      20036  89.240519    660.000    655.327     5.2921     5.2925   3.356713   3.356533     1.4440     1.6194    0.00452    0.00420   -1.99896   -0.00160    834.809     0.5451    98.0779    144.730    144.033    34.4841    34.4816    27.2385    27.2365    1482.10    1482.10         22 0.0000e+00
      20059  89.240530    661.000    656.318     5.2950     5.2953   3.357101   3.356899     1.4450     1.6218    0.00472    0.00441   -1.99896   -0.00160    835.749     0.5410    98.0677    144.900    144.350    34.4850    34.4824    27.2389    27.2368    1482.13    1482.13         23 0.0000e+00
      20082  89.240541    662.000    657.309     5.2951     5.2956   3.357188   3.356986     1.4440     1.6221    0.00498    0.00417   -1.99896   -0.00160    836.702     0.5463    98.0797    144.768    144.409    34.4855    34.4826    27.2393    27.2370    1482.15    1482.15         23 0.0000e+00
      20105  89.240552    663.000    658.301     5.2862     5.2866   3.356496   3.356299     1.4431     1.6218    0.00402    0.00254   -1.99896   -0.00160    837.654     0.5437    98.0774    144.669    144.427    34.4862    34.4835    27.2409    27.2387    1482.13    1482.13         23 0.0000e+00
      20129  89.240563    664.000    659.290     5.2893     5.2898   3.356981   3.356808     1.4412     1.6206    0.00152    0.00025   -1.99896   -0.00160    838.657     0.5437    98.0780    144.393    144.268    34.4880    34.4855    27.2420    27.2400    1482.16    1482.16         24 0.0000e+00
      20152  89.240574    665.000    660.279     5.2814     5.2819   3.356350   3.356131     1.4387     1.6185    0.00008   -0.00117   -1.99896   -0.00160    839.625     0.5437    98.0882    144.047    144.038    34.4884    34.4854    27.2432    27.2408    1482.15    1482.15         22 0.0000e+00
      20173  89.240584    666.000    661.273     5.2665     5.2671   3.355033   3.354817     1.4371     1.6165   -0.00063   -0.00125   -1.99896   -0.00160    840.482     0.5422    98.0763    143.880    143.849    34.4881    34.4850    27.2447    27.2422    1482.10    1482.10         20 0.0000e+00
      20193  89.240594    667.000    662.267     5.2591     5.2596   3.354449   3.354258     1.4360     1.6154   -0.00139   -0.00191   -1.99894   -0.00160    841.319     0.5451    98.0681    143.763    143.748    34.4885    34.4858    27.2459    27.2437    1482.09    1482.09         21 0.0000e+00
      20214  89.240604    668.000    663.259     5.2586     5.2591   3.354497   3.354316     1.4355     1.6145   -0.00214   -0.00251   -1.99894   -0.00160    842.214     0.5451    98.0567    143.705    143.660    34.4891    34.4865    27.2465    27.2444    1482.11    1482.10         22 0.0000e+00
      20237  89.240615    669.000    664.248     5.2586     5.2591   3.354618   3.354437     1.4347     1.6140   -0.00214   -0.00184   -1.99894   -0.00160    843.175     0.5289    98.0739    143.594    143.602    34.4899    34.4873    27.2472    27.2450    1482.12    1482.12         23 0.0000e+00
      20260  89.240626    670.000    665.239     5.2576     5.2581   3.354628   3.354463     1.4335     1.6129   -0.00120   -0.00098   -1.99894   -0.00160    844.124     0.5326    98.0831    143.436    143.487    34.4906    34.4882    27.2478    27.2458    1482.14    1482.14         22 0.0000e+00
      20282  89.240637    671.000    666.228     5.2601     5.2607   3.355041   3.354896     1.4316     1.6117   -0.00078   -0.00070   -1.99896   -0.00160    845.040     0.5453    98.0778    143.151    143.326    34.4923    34.4900    27.2489    27.2470    1482.16    1482.16         22 0.0000e+00
      20304  89.240648    672.000    667.225     5.2655     5.2660   3.355770   3.355609     1.4295     1.6096   -0.00083   -0.00102   -1.99896   -0.00160    845.978     0.5450    98.0849    142.814    143.042    34.4946    34.4922    27.2501    27.2481    1482.21    1482.20         24 0.0000e+00
      20329  89.240660    673.000    668.215     5.2647     5.2651   3.355791   3.355612     1.4264     1.6065   -0.00104   -0.00151   -1.99896   -0.00160    846.991     0.5425    98.0852    142.367    142.661    34.4951    34.4927    27.2506    27.2486    1482.22    1482.22         25 0.0000e+00
      20354  89.240672    674.000    669.203     5.2613     5.2617   3.355568   3.355382     1.4236     1.6035   -0.00193   -0.00214   -1.99896   -0.00160    848.039     0.5437    98.0841    141.967    142.292    34.4956    34.4930    27.2514    27.2493    1482.22    1482.22         25 0.0000e+00
      20379  89.240684    675.000    670.197     5.2576     5.2581   3.355310   3.355123     1.4218     1.6010   -0.00263   -0.00279   -1.99896   -0.00160    849.065     0.5425    98.0776    141.721    141.989    34.4958    34.4932    27.2520    27.2499    1482.23    1482.22         25 0.0000e+00
      20405  89.240696    676.000    671.189     5.2462     5.2467   3.354295   3.354101     1.4197     1.5980   -0.00303   -0.00283   -1.99896   -0.00160    850.168     0.5415    98.0752    141.457    141.651    34.4955    34.4927    27.2531    27.2508    1482.20    1482.19         28 0.0000e+00
      20433  89.240710    677.000    672.171     5.2403     5.2409   3.353779   3.353614     1.4185     1.5951   -0.00251   -0.00191   -1.99896   -0.00160    851.348     0.5462    98.0793    141.319    141.315    34.4951    34.4926    27.2535    27.2514    1482.19    1482.18         26 0.0000e+00
      20455  89.240721    678.000    673.159     5.2407     5.2412   3.353860   3.353678     1.4177     1.5936   -0.00258   -0.00184   -1.99894   -0.00160    852.268     0.5420    98.0769    141.208    141.127    34.4951    34.4926    27.2535    27.2514    1482.21    1482.20         19 0.0000e+00
      20472  89.240729    679.000    674.152     5.2407     5.2413   3.353893   3.353737     1.4168     1.5924   -0.00280   -0.00172   -1.99894   -0.00160    852.944     0.5437    98.0812    141.090    140.985    34.4950    34.4926    27.2534    27.2514    1482.22    1482.22         14 0.0000e+00
      20486  89.240735    680.000    675.149     5.2282     5.2291   3.352694   3.352452     1.4165     1.5914   -0.00253   -0.00123   -1.99894   -0.00160    853.524     0.5415    98.0791    141.103    140.928    34.4936    34.4899    27.2538    27.2507    1482.19    1482.18         14 0.0000e+00
      20499  89.240742    681.000    676.148     5.1944     5.1941   3.349477   3.349055     1.4165     1.5909   -0.00213   -0.00089   -1.99894   -0.00160    854.091     0.5415    98.0772    141.249    141.013    34.4909    34.4864    27.2555    27.2520    1482.06    1482.06         14 0.0000e+00
      20514  89.240749    682.000    677.145     5.1724     5.1720   3.347325   3.346969     1.4180     1.5918   -0.00177   -0.00089   -1.99894   -0.00160    854.714     0.5418    98.0673    141.586    141.234    34.4883    34.4846    27.2560    27.2532    1481.99    1481.98         16 0.0000e+00
      20534  89.240759    683.000    678.139     5.1480     5.1489   3.344942   3.344724     1.4213     1.5948   -0.00169   -0.00104   -1.99894   -0.00160    855.538     0.5401    98.0664    142.212    141.738    34.4855    34.4821    27.2567    27.2539    1481.90    1481.90         25 0.0000e+00
      20568  89.240775    684.000    679.117     5.1391     5.1396   3.344093   3.343902     1.4273     1.6008    0.00014    0.00102   -1.99894   -0.00160    856.966     0.5444    98.0666    143.181    142.592    34.4845    34.4818    27.2569    27.2547    1481.88    1481.88         42 0.0000e+00
      20606  89.240793    685.000    680.102     5.1346     5.1350   3.343734   3.343538     1.4319     1.6060    0.00387    0.00432   -1.99894   -0.00160    858.525     0.5405    98.0691    143.931    143.325    34.4845    34.4818    27.2574    27.2553    1481.88    1481.87         30 0.0000e+00
      20631  89.240806    686.000    681.100     5.1363     5.1365   3.344006   3.343816     1.4335     1.6088    0.00426    0.00393   -1.99894   -0.00160    859.602     0.5411    98.0826    144.196    143.703    34.4854    34.4829    27.2580    27.2560    1481.90    1481.90         24 0.0000e+00
      20656  89.240818    687.000    682.089     5.1441     5.1437   3.344979   3.344721     1.4334     1.6100    0.00344    0.00294   -1.99894   -0.00160    860.635     0.5437    98.0830    144.159    143.850    34.4880    34.4855    27.2592    27.2572    1481.95    1481.95         25 0.0000e+00
      20680  89.240829    688.000    683.077     5.1463     5.1461   3.345271   3.345023     1.4320     1.6093    0.00274    0.00217   -1.99894   -0.00160    861.606     0.5423    98.0867    143.959    143.767    34.4886    34.4859    27.2594    27.2573    1481.98    1481.98         22 0.0000e+00
      20699  89.240838    689.000    684.065     5.1473     5.1479   3.345414   3.345249     1.4308     1.6081    0.00207    0.00084   -1.99894   -0.00160    862.422     0.5437    98.0734    143.780    143.618    34.4887    34.4862    27.2594    27.2573    1482.00    1482.00         17 0.0000e+00
      20715  89.240846    690.000    685.059     5.1475     5.1481   3.345470   3.345321     1.4297     1.6070    0.00121   -0.00014   -1.99894   -0.00160    863.102     0.5399    98.0774    143.635    143.486    34.4886    34.4863    27.2593    27.2574    1482.02    1482.02         16 0.0000e+00
      20730  89.240853    691.000    686.052     5.1488     5.1501   3.345669   3.345602     1.4289     1.6066    0.00012   -0.00078   -1.99894   -0.00160    863.716     0.5436    98.0888    143.516    143.452    34.4891    34.4869    27.2595    27.2577    1482.04    1482.04         14 0.0000e+00
      20745  89.240860    692.000    687.053     5.1581     5.1593   3.346757   3.346723     1.4277     1.6058   -0.00103   -0.00132   -1.99894   -0.00160    864.324     0.5417    98.0838    143.321    143.318    34.4915    34.4899    27.2603    27.2589    1482.10    1482.10         15 0.0000e+00
      20762  89.240868    693.000    688.055     5.1717     5.1721   3.348284   3.348126     1.4259     1.6045   -0.00145   -0.00166   -1.99894   -0.00160    865.033     0.5421    98.0687    143.002    143.117    34.4945    34.4923    27.2612    27.2594    1482.17    1482.17         20 0.0000e+00
      20796  89.240885    694.000    689.033     5.1724     5.1728   3.348413   3.348240     1.4215     1.6004   -0.00126   -0.00174   -1.99894   -0.00160    866.477     0.5414    98.0755    142.344    142.582    34.4948    34.4924    27.2613    27.2594    1482.19    1482.19         52 0.0000e+00
      20842  89.240907    695.000    690.007     5.1749     5.1755   3.348746   3.348590     1.4174     1.5953   -0.00265   -0.00313   -1.99894   -0.00160    868.373     0.5416    98.0891    141.709    141.920    34.4955    34.4932    27.2616    27.2597    1482.22    1482.22         29 0.0000e+00
      20863  89.240917    696.000    691.001     5.1750     5.1758   3.348813   3.348658     1.4156     1.5931   -0.00283   -0.00280   -1.99894   -0.00160    869.234     0.5437    98.0837    141.451    141.642    34.4957    34.4932    27.2618    27.2597    1482.24    1482.24         18 0.0000e+00
      20879  89.240925    697.000    691.999     5.1634     5.1639   3.347720   3.347474     1.4142     1.5917   -0.00276   -0.00241   -1.99894   -0.00158    869.910     0.5417    98.0874    141.291    141.522    34.4946    34.4912    27.2623    27.2595    1482.20    1482.20         15 0.0000e+00
      20894  89.240932    698.000    692.998     5.1522     5.1524   3.346681   3.346447     1.4139     1.5911   -0.00266   -0.00206   -1.99894   -0.00158    870.553     0.5437    98.0844    141.312    141.498    34.4937    34.4908    27.2629    27.2605    1482.17    1482.17         16 0.0000e+00
