examples/fr26/data/cnv/fr26001.ros
* Sea-Bird SBE 9 Data File:
* FileName = C:\SEASOFT\PIRATA-FR26\data\fr26001.hex
* Software Version Seasave V 7.23.2
* Temperature SN = 6083
* Conductivity SN = 4509
* Number of Bytes Per Scan = 34
* Number of Voltage Words = 3
* Number of Scans Averaged by the Deck Unit = 1
* NMEA Latitude = 11 27.90 N
* NMEA Longitude = 023 00.01 W
* NMEA UTC (Time) = Mar 09 2016  17:28:55
** Cruise: PIRATA-FR26
** Ship: THALASSA
** Station: 1
** Bottom Depth: 5116
** Pressure frequency switch pos 2:
** Operator: PR-YG-JG
** Comments:
# nquan = 14
# nvalues = 1003                                  
# units = specified
# name 0 = prDM: Pressure, Digiquartz [db]
# name 1 = t090C: Temperature [ITS-90, deg C]
# name 2 = t190C: Temperature, 2 [ITS-90, deg C]
# name 3 = c0mS/cm: Conductivity [mS/cm]
# name 4 = c1mS/cm: Conductivity, 2 [mS/cm]
# name 5 = sbeox0V: Oxygen raw, SBE 43 [V]
# name 6 = sbeox1V: Oxygen raw, SBE 43, 2 [V]
# name 7 = latitude: Latitude [deg]
# name 8 = longitude: Longitude [deg]
# name 9 = timeJ: Julian Days
# name 10 = timeS: Time, Elapsed [seconds]
# name 11 = scan: Scan Count
# name 12 = nbf: Bottles Fired
# name 13 = flag:  0.000e+00
# interval = seconds: 0.0416667
# start_time = Mar 09 2016 17:28:55 [NMEA time, header]
# bad_flag = -9.990e-29
*END*
[from data line 517]
   2020.574     3.5045     3.5046  32.953859  32.954337     1.6691     1.8852   11.46584  -23.00080  69.755713   2358.583      56607          6  0.000e+00
   2020.677     3.5045     3.5048  32.953984  32.954402     1.6691     1.8852   11.46584  -23.00080  69.755713   2358.625      56608          6  0.000e+00
   2020.622     3.5047     3.5046  32.954046  32.954273     1.6691     1.8852   11.46584  -23.00080  69.755714   2358.667      56609          6  0.000e+00
   2020.677     3.5045     3.5046  32.954109  32.954402     1.6691     1.8852   11.46584  -23.00080  69.755714   2358.708      56610          6  0.000e+00
   2020.622     3.5047     3.5046  32.954046  32.954466     1.6691     1.8852   11.46584  -23.00080  69.755715   2358.750      56611          6  0.000e+00
   2020.731     3.5045     3.5046  32.954234  32.954273     1.6691     1.8852   11.46584  -23.00080  69.755715   2358.792      56612          6  0.000e+00
   2020.711     3.5044     3.5046  32.954171  32.954402     1.6691     1.8852   11.46584  -23.00080  69.755716   2358.833      56613          6  0.000e+00
   2020.732     3.5045     3.5048  32.954047  32.954466     1.6691     1.8852   11.46584  -23.00080  69.755716   2358.875      56614          6  0.000e+00
   2020.779     3.5047     3.5046  32.954047  32.954466     1.6691     1.8852   11.46584  -23.00080  69.755717   2358.917      56615          6  0.000e+00
   2020.779     3.5047     3.5046  32.954109  32.954466     1.6691     1.8864   11.46584  -23.00080  69.755717   2358.958      56616          6  0.000e+00
   2020.779     3.5047     3.5048  32.953797  32.954273     1.6691     1.8852   11.46584  -23.00080  69.755718   2359.000      56617          6  0.000e+00
   2020.834     3.5047     3.5046  32.954172  32.954402     1.6691     1.8852   11.46584  -23.00080  69.755718   2359.042      56618          6  0.000e+00
   2020.834     3.5045     3.5046  32.954608  32.954466     1.6691     1.8864   11.46584  -23.00080  69.755719   2359.083      56619          6  0.000e+00
   2020.834     3.5045     3.5046  32.954421  32.954659     1.6691     1.8864   11.46584  -23.00080  69.755719   2359.125      56620          6  0.000e+00
   2020.937     3.5047     3.5044  32.954110  32.954531     1.6691     1.8852   11.46584  -23.00080  69.755720   2359.167      56621          6  0.000e+00
   2020.882     3.5044     3.5046  32.954109  32.954274     1.6691     1.8864   11.46584  -23.00080  69.755720   2359.208      56622          6  0.000e+00
   2020.916     3.5045     3.5043  32.954047  32.953952     1.6691     1.8852   11.46584  -23.00080  69.755720   2359.250      56623          6  0.000e+00
   2020.991     3.5045     3.5044  32.954235  32.954274     1.6691     1.8864   11.46584  -23.00080  69.755721   2359.292      56624          6  0.000e+00
   2020.991     3.5047     3.5043  32.954609  32.954274     1.6691     1.8852   11.46584  -23.00080  69.755721   2359.333      56625          6  0.000e+00
   2020.991     3.5047     3.5044  32.954609  32.954403     1.6691     1.8852   11.46584  -23.00080  69.755722   2359.375      56626          6  0.000e+00
   2021.094     3.5045     3.5044  32.954422  32.954467     1.6679     1.8852   11.46584  -23.00080  69.755722   2359.417      56627          6  0.000e+00
   2021.039     3.5047     3.5046  32.954609  32.954467     1.6691     1.8852   11.46584  -23.00080  69.755723   2359.458      56628          7  0.000e+00
   2021.094     3.5044     3.5044  32.954422  32.954274     1.6691     1.8852   11.46584  -23.00080  69.755723   2359.500      56629          7  0.000e+00
   2021.094     3.5047     3.5044  32.954360  32.954403     1.6691     1.8852   11.46584  -23.00080  69.755724   2359.542      56630          7  0.000e+00
   2021.142     3.5045     3.5046  32.954173  32.954467     1.6691     1.8852   11.46584  -23.00080  69.755724   2359.583      56631          7  0.000e+00
   2021.183     3.5045     3.5046  32.954297  32.954468     1.6691     1.8852   11.46584  -23.00080  69.755725   2359.625      56632          7  0.000e+00
   2021.197     3.5045     3.5046  32.954547  32.954468     1.6691     1.8852   11.46584  -23.00080  69.755725   2359.667      56633          7  0.000e+00
   2021.197     3.5044     3.5044  32.954422  32.954468     1.6691     1.8852   11.46584  -23.00080  69.755726   2359.708      56634          7  0.000e+00
   2021.251     3.5045     3.5044  32.954111  32.954661     1.6691     1.8852   11.46584  -23.00080  69.755726   2359.750      56635          7  0.000e+00
   2021.251     3.5045     3.5044  32.954048  32.954339     1.6691     1.8852   11.46584  -23.00080  69.755727   2359.792      56636          7  0.000e+00
   2021.299     3.5045     3.5044  32.954111  32.954404     1.6691     1.8852   11.46584  -23.00080  69.755727   2359.833      56637          7  0.000e+00
   2021.299     3.5045     3.5046  32.954298  32.954468     1.6691     1.8852   11.46584  -23.00080  69.755728   2359.875      56638          7  0.000e+00
   2021.354     3.5044     3.5041  32.954547  32.954468     1.6691     1.8852   11.46584  -23.00080  69.755728   2359.917      56639          7  0.000e+00
   2021.354     3.5047     3.5041  32.954236  32.954468     1.6679     1.8852   11.46584  -23.00080  69.755729   2359.958      56640          7  0.000e+00
   2021.388     3.5044     3.5044  32.954485  32.954468     1.6679     1.8852   11.46584  -23.00080  69.755729   2360.000      56641          7  0.000e+00
   2021.409     3.5045     3.5044  32.954797  32.954468     1.6691     1.8852   11.46584  -23.00080  69.755730   2360.042      56642          7  0.000e+00
   2021.409     3.5048     3.5044  32.954360  32.954468     1.6691     1.8852   11.46584  -23.00080  69.755730   2360.083      56643          7  0.000e+00
   2021.409     3.5047     3.5041  32.954485  32.954275     1.6691     1.8852   11.46584  -23.00080  69.755731   2360.125      56644          7  0.000e+00
   2021.457     3.5044     3.5043  32.954423  32.954404     1.6691     1.8852   11.46584  -23.00080  69.755731   2360.167      56645          7  0.000e+00
   2021.457     3.5045     3.5043  32.954610  32.954661     1.6691     1.8852   11.46584  -23.00080  69.755732   2360.208      56646          7  0.000e+00
   2021.457     3.5045     3.5044  32.954423  32.954533     1.6691     1.8852   11.46584  -23.00080  69.755732   2360.250      56647          7  0.000e+00
   2021.511     3.5047     3.5044  32.954735  32.954018     1.6691     1.8852   11.46584  -23.00080  69.755733   2360.292      56648          7  0.000e+00
   2021.491     3.5047     3.5044  32.954548  32.954276     1.6691     1.8852   11.46584  -23.00080  69.755733   2360.333      56649          7  0.000e+00
   2021.511     3.5044     3.5043  32.954361  32.954469     1.6691     1.8852   11.46584  -23.00080  69.755734   2360.375      56650          7  0.000e+00
   2021.512     3.5047     3.5043  32.954548  32.954662     1.6691     1.8852   11.46584  -23.00080  69.755734   2360.417      56651          7  0.000e+00
   2021.559     3.5045     3.5044  32.954423  32.954533     1.6691     1.8852   11.46584  -23.00080  69.755734   2360.458      56652          7  0.000e+00
   2021.559     3.5047     3.5044  32.954361  32.954662     1.6691     1.8852   11.46584  -23.00080  69.755735   2360.500      56653          7  0.000e+00
   2021.512     3.5045     3.5046  32.954361  32.954790     1.6691     1.8852   11.46584  -23.00080  69.755735   2360.542      56654          7  0.000e+00
   2021.560     3.5047     3.5048  32.954361  32.954340     1.6691     1.8852   11.46584  -23.00080  69.755736   2360.583      56655          7  0.000e+00
   2021.560     3.5045     3.5044  32.954361  32.954597     1.6691     1.8852   11.46584  -23.00080  69.755736   2360.625      56656          7  0.000e+00
   2021.560     3.5045     3.5046  32.954112  32.954533     1.6691     1.8852   11.46584  -23.00080  69.755737   2360.667      56657          7  0.000e+00
   2021.594     3.5047     3.5048  32.954299  32.954662     1.6691     1.8852   11.46584  -23.00080  69.755737   2360.708      56658          7  0.000e+00
   2021.560     3.5047     3.5044  32.954361  32.954340     1.6691     1.8852   11.46584  -23.00080  69.755738   2360.750      56659          7  0.000e+00
   2021.512     3.5045     3.5048  32.954548  32.954597     1.6691     1.8852   11.46584  -23.00080  69.755738   2360.792      56660          7  0.000e+00
   2021.669     3.5045     3.5048  32.954424  32.954791     1.6691     1.8852   11.46584  -23.00080  69.755739   2360.833      56661          7  0.000e+00
   2021.560     3.5047     3.5046  32.954361  32.954533     1.6691     1.8852   11.46584  -23.00080  69.755739   2360.875      56662          7  0.000e+00
   2021.615     3.5045     3.5046  32.954361  32.954276     1.6691     1.8852   11.46584  -23.00080  69.755740   2360.917      56663          7  0.000e+00
   2021.560     3.5045     3.5050  32.954610  32.954597     1.6691     1.8852   11.46584  -23.00080  69.755740   2360.958      56664          7  0.000e+00
   2021.615     3.5048     3.5050  32.954611  32.954983     1.6691     1.8852   11.46584  -23.00080  69.755741   2361.000      56665          7  0.000e+00
   2021.594     3.5047     3.5046  32.954610  32.954598     1.6691     1.8852   11.46584  -23.00080  69.755741   2361.042      56666          7  0.000e+00
   2021.615     3.5047     3.5050  32.954423  32.954919     1.6691     1.8852   11.46584  -23.00080  69.755742   2361.083      56667          7  0.000e+00
   2021.560     3.5048     3.5050  32.954361  32.954855     1.6691     1.8852   11.46584  -23.00080  69.755742   2361.125      56668          7  0.000e+00
   2021.615     3.5047     3.5051  32.954548  32.954790     1.6691     1.8864   11.46584  -23.00080  69.755743   2361.167      56669          7  0.000e+00
   2021.561     3.5050     3.5050  32.954673  32.954790     1.6691     1.8852   11.46584  -23.00080  69.755743   2361.208      56670          7  0.000e+00
   2021.615     3.5047     3.5050  32.954423  32.954983     1.6691     1.8852   11.46584  -23.00080  69.755744   2361.250      56671          7  0.000e+00
   2021.615     3.5047     3.5046  32.954361  32.954855     1.6691     1.8852   11.46584  -23.00080  69.755744   2361.292      56672          7  0.000e+00
   2021.561     3.5048     3.5050  32.954361  32.954790     1.6691     1.8852   11.46584  -23.00080  69.755745   2361.333      56673          7  0.000e+00
   2021.650     3.5048     3.5048  32.954548  32.954791     1.6691     1.8852   11.46584  -23.00080  69.755745   2361.375      56674          7  0.000e+00
   2021.561     3.5049     3.5050  32.954797  32.954790     1.6691     1.8852   11.46584  -23.00080  69.755746   2361.417      56675          7  0.000e+00
   2021.561     3.5048     3.5050  32.954735  32.954983     1.6691     1.8852   11.46584  -23.00080  69.755746   2361.458      56676          7  0.000e+00
   2021.670     3.5048     3.5048  32.954611  32.954855     1.6691     1.8852   11.46584  -23.00080  69.755747   2361.500      56677          7  0.000e+00
   2021.561     3.5050     3.5050  32.954797  32.954790     1.6691     1.8852   11.46584  -23.00080  69.755747   2361.542      56678          7  0.000e+00
   2021.616     3.5048     3.5050  32.954735  32.955176     1.6691     1.8852   11.46584  -23.00080  69.755747   2361.583      56679          7  0.000e+00
   2021.561     3.5048     3.5048  32.954610  32.955176     1.6691     1.8852   11.46584  -23.00080  69.755748   2361.625      56680          7  0.000e+00
   2021.616     3.5048     3.5050  32.954423  32.955112     1.6691     1.8852   11.46584  -23.00080  69.755748   2361.667      56681          7  0.000e+00
   2021.596     3.5050     3.5050  32.954361  32.954855     1.6691     1.8852   11.46584  -23.00080  69.755749   2361.708      56682          7  0.000e+00
   2021.616     3.5047     3.5050  32.954548  32.954983     1.6691     1.8852   11.46584  -23.00080  69.755749   2361.750      56683          7  0.000e+00
   2021.616     3.5052     3.5050  32.954797  32.954855     1.6691     1.8852   11.46584  -23.00080  69.755750   2361.792      56684          7  0.000e+00
   2021.616     3.5048     3.5050  32.954735  32.955176     1.6691     1.8852   11.46584  -23.00080  69.755750   2361.833      56685          7  0.000e+00
   2021.671     3.5047     3.5050  32.954611  32.954919     1.6679     1.8852   11.46584  -23.00080  69.755751   2361.875      56686          7  0.000e+00
   2021.616     3.5050     3.5048  32.954610  32.954983     1.6691     1.8852   11.46584  -23.00080  69.755751   2361.917      56687          7  0.000e+00
   2021.616     3.5048     3.5050  32.954673  32.954855     1.6691     1.8852   11.46584  -23.00080  69.755752   2361.958      56688          7  0.000e+00
   2021.671     3.5048     3.5051  32.954611  32.954791     1.6691     1.8852   11.46584  -23.00080  69.755752   2362.000      56689          7  0.000e+00
   2021.651     3.5047     3.5050  32.954611  32.955177     1.6679     1.8852   11.46584  -23.00080  69.755753   2362.042      56690          7  0.000e+00
   2021.719     3.5048     3.5051  32.954673  32.954662     1.6691     1.8852   11.46584  -23.00080  69.755753   2362.083      56691          7  0.000e+00
   2021.617     3.5047     3.5050  32.954611  32.954919     1.6691     1.8852   11.46584  -23.00080  69.755754   2362.125      56692          7  0.000e+00
   2021.719     3.5049     3.5051  32.954611  32.955112     1.6691     1.8852   11.46584  -23.00080  69.755754   2362.167      56693          7  0.000e+00
   2021.671     3.5050     3.5050  32.954922  32.955112     1.6691     1.8852   11.46584  -23.00080  69.755755   2362.208      56694          7  0.000e+00
   2021.719     3.5050     3.5051  32.954673  32.954855     1.6691     1.8852   11.46584  -23.00080  69.755755   2362.250      56695          7  0.000e+00
   2021.719     3.5048     3.5048  32.954798  32.954984     1.6691     1.8852   11.46584  -23.00080  69.755756   2362.292      56696          7  0.000e+00
   2021.719     3.5050     3.5048  32.954735  32.955112     1.6691     1.8852   11.46584  -23.00080  69.755756   2362.333      56697          8  0.000e+00
   2021.754     3.5048     3.5050  32.954424  32.955113     1.6691     1.8864   11.46584  -23.00080  69.755757   2362.375      56698          8  0.000e+00
   2021.774     3.5050     3.5050  32.954736  32.954855     1.6691     1.8852   11.46584  -23.00080  69.755757   2362.417      56699          8  0.000e+00
   2021.774     3.5048     3.5050  32.954985  32.954984     1.6691     1.8852   11.46584  -23.00080  69.755758   2362.458      56700          8  0.000e+00
   2021.774     3.5050     3.5048  32.954673  32.954855     1.6691     1.8852   11.46584  -23.00080  69.755758   2362.500      56701          8  0.000e+00
   2021.877     3.5050     3.5048  32.954798  32.954984     1.6691     1.8852   11.46584  -23.00080  69.755759   2362.542      56702          8  0.000e+00
   2021.774     3.5048     3.5050  32.954985  32.955113     1.6691     1.8852   11.46584  -23.00080  69.755759   2362.583      56703          8  0.000e+00
   2021.877     3.5048     3.5048  32.954674  32.955113     1.6691     1.8852   11.46584  -23.00080  69.755760   2362.625      56704          8  0.000e+00
   2021.829     3.5048     3.5051  32.954611  32.955306     1.6691     1.8852   11.46584  -23.00080  69.755760   2362.667      56705          8  0.000e+00
   2021.911     3.5047     3.5048  32.954923  32.955177     1.6691     1.8852   11.46584  -23.00080  69.755761   2362.708      56706          8  0.000e+00
   2021.932     3.5047     3.5048  32.954674  32.955113     1.6691     1.8852   11.46584  -23.00080  69.755761   2362.750      56707          8  0.000e+00
   2021.877     3.5045     3.5051  32.954798  32.955113     1.6691     1.8852   11.46584  -23.00080  69.755761   2362.792      56708          8  0.000e+00
