examples/fr26/data/cnv/fr26001.ros
* Sea-Bird SBE 9 Data File:
* FileName = C:\SEASOFT\PIRATA-FR26\data\fr26001.hex
* Software Version Seasave V 7.23.2
* Temperature SN = 6083
* Conductivity SN = 4509
* Number of Bytes Per Scan = 34
* Number of Voltage Words = 3
* Number of Scans Averaged by the Deck Unit = 1
* NMEA Latitude = 11 27.90 N
* NMEA Longitude = 023 00.01 W
* NMEA UTC (Time) = Mar 09 2016  17:28:55
** Cruise: PIRATA-FR26
** Ship: THALASSA
** Station: 1
** Bottom Depth: 5116
** Pressure frequency switch pos 2:
** Operator: PR-YG-JG
** Comments:
# nquan = 14
# nvalues = 1003                                  
# units = specified
# name 0 = prDM: Pressure, Digiquartz [db]
# name 1 = t090C: Temperature [ITS-90, deg C]
# name 2 = t190C: Temperature, 2 [ITS-90, deg C]
# name 3 = c0mS/cm: Conductivity [mS/cm]
# name 4 = c1mS/cm: Conductivity, 2 [mS/cm]
# name 5 = sbeox0V: Oxygen raw, SBE 43 [V]
# name 6 = sbeox1V: Oxygen raw, SBE 43, 2 [V]
# name 7 = latitude: Latitude [deg]
# name 8 = longitude: Longitude [deg]
# name 9 = timeJ: Julian Days
# name 10 = timeS: Time, Elapsed [seconds]
# name 11 = scan: Scan Count
# name 12 = nbf: Bottles Fired
# name 13 = flag:  0.000e+00
# interval = seconds: 0.0416667
# start_time = Mar 09 2016 17:28:55 [NMEA time, header]
# bad_flag = -9.990e-29
*END*
[from data line 310]
   2020.610     3.5045     3.5046  32.953984  32.954209     1.6691     1.8864   11.46582  -23.00080  69.755613   2349.958      56400          4  0.000e+00
   2020.611     3.5047     3.5050  32.953735  32.954208     1.6691     1.8864   11.46582  -23.00080  69.755613   2350.000      56401          4  0.000e+00
   2020.611     3.5045     3.5048  32.953922  32.954208     1.6691     1.8864   11.46582  -23.00080  69.755614   2350.042      56402          4  0.000e+00
   2020.665     3.5045     3.5050  32.954109  32.954209     1.6691     1.8864   11.46582  -23.00080  69.755614   2350.083      56403          4  0.000e+00
   2020.611     3.5044     3.5048  32.954046  32.954401     1.6691     1.8852   11.46582  -23.00080  69.755615   2350.125      56404          4  0.000e+00
   2020.611     3.5047     3.5048  32.954233  32.954273     1.6691     1.8864   11.46582  -23.00080  69.755615   2350.167      56405          4  0.000e+00
   2020.700     3.5047     3.5048  32.953735  32.954209     1.6691     1.8852   11.46582  -23.00080  69.755616   2350.208      56406          4  0.000e+00
   2020.665     3.5047     3.5046  32.953672  32.954402     1.6691     1.8852   11.46582  -23.00080  69.755616   2350.250      56407          4  0.000e+00
   2020.666     3.5045     3.5048  32.953922  32.954466     1.6691     1.8852   11.46582  -23.00080  69.755617   2350.292      56408          4  0.000e+00
   2020.768     3.5047     3.5046  32.954109  32.954466     1.6691     1.8852   11.46582  -23.00080  69.755617   2350.333      56409          4  0.000e+00
   2020.666     3.5047     3.5048  32.954296  32.954273     1.6691     1.8864   11.46582  -23.00080  69.755618   2350.375      56410          4  0.000e+00
   2020.823     3.5047     3.5048  32.954733  32.954402     1.6691     1.8864   11.46582  -23.00080  69.755618   2350.417      56411          4  0.000e+00
   2020.720     3.5045     3.5046  32.954358  32.954273     1.6691     1.8864   11.46582  -23.00080  69.755619   2350.458      56412          4  0.000e+00
   2020.823     3.5047     3.5048  32.954483  32.954595     1.6691     1.8864   11.46582  -23.00080  69.755619   2350.500      56413          4  0.000e+00
   2020.823     3.5045     3.5048  32.954172  32.954531     1.6691     1.8864   11.46582  -23.00080  69.755620   2350.542      56414          4  0.000e+00
   2020.871     3.5047     3.5048  32.954109  32.954274     1.6691     1.8852   11.46582  -23.00080  69.755620   2350.583      56415          4  0.000e+00
   2020.857     3.5045     3.5046  32.954047  32.954402     1.6691     1.8852   11.46582  -23.00080  69.755621   2350.625      56416          4  0.000e+00
   2020.925     3.5047     3.5046  32.954234  32.954467     1.6691     1.8852   11.46582  -23.00080  69.755621   2350.667      56417          4  0.000e+00
   2020.925     3.5045     3.5048  32.954172  32.954660     1.6691     1.8852   11.46582  -23.00080  69.755622   2350.708      56418          4  0.000e+00
   2020.980     3.5045     3.5048  32.954297  32.954789     1.6691     1.8864   11.46582  -23.00080  69.755622   2350.750      56419          4  0.000e+00
   2020.980     3.5048     3.5046  32.954110  32.954789     1.6691     1.8864   11.46582  -23.00080  69.755623   2350.792      56420          4  0.000e+00
   2021.028     3.5045     3.5048  32.954110  32.954531     1.6691     1.8852   11.46582  -23.00080  69.755623   2350.833      56421          4  0.000e+00
   2021.083     3.5047     3.5048  32.954048  32.954917     1.6691     1.8852   11.46582  -23.00080  69.755624   2350.875      56422          4  0.000e+00
   2021.028     3.5045     3.5050  32.954235  32.954596     1.6691     1.8852   11.46582  -23.00080  69.755624   2350.917      56423          4  0.000e+00
   2021.130     3.5047     3.5048  32.954173  32.954660     1.6691     1.8852   11.46582  -23.00080  69.755625   2350.958      56424          4  0.000e+00
   2021.219     3.5047     3.5048  32.954298  32.954532     1.6691     1.8852   11.46582  -23.00080  69.755625   2351.000      56425          4  0.000e+00
   2021.185     3.5045     3.5048  32.954360  32.954918     1.6691     1.8852   11.46582  -23.00080  69.755625   2351.042      56426          4  0.000e+00
   2021.240     3.5047     3.5050  32.954360  32.954854     1.6691     1.8852   11.46582  -23.00080  69.755626   2351.083      56427          4  0.000e+00
   2021.240     3.5045     3.5050  32.954360  32.954789     1.6703     1.8852   11.46582  -23.00080  69.755626   2351.125      56428          4  0.000e+00
   2021.288     3.5048     3.5050  32.954547  32.954982     1.6691     1.8852   11.46582  -23.00080  69.755627   2351.167      56429          4  0.000e+00
   2021.397     3.5048     3.5050  32.954423  32.955111     1.6691     1.8852   11.46582  -23.00080  69.755627   2351.208      56430          4  0.000e+00
   2021.397     3.5047     3.5048  32.954547  32.955111     1.6691     1.8852   11.46582  -23.00080  69.755628   2351.250      56431          4  0.000e+00
   2021.445     3.5048     3.5050  32.954423  32.955112     1.6691     1.8852   11.46582  -23.00080  69.755628   2351.292      56432          4  0.000e+00
   2021.445     3.5048     3.5050  32.954610  32.955304     1.6691     1.8852   11.46582  -23.00080  69.755629   2351.333      56433          4  0.000e+00
   2021.533     3.5048     3.5051  32.954610  32.955369     1.6691     1.8852   11.46582  -23.00080  69.755629   2351.375      56434          4  0.000e+00
   2021.547     3.5050     3.5052  32.955047  32.955369     1.6691     1.8852   11.46582  -23.00080  69.755630   2351.417      56435          4  0.000e+00
   2021.602     3.5048     3.5051  32.954860  32.955369     1.6691     1.8852   11.46582  -23.00080  69.755630   2351.458      56436          4  0.000e+00
   2021.656     3.5048     3.5051  32.954611  32.955177     1.6691     1.8852   11.46582  -23.00080  69.755631   2351.500      56437          4  0.000e+00
   2021.656     3.5047     3.5050  32.955047  32.955112     1.6691     1.8852   11.46582  -23.00080  69.755631   2351.542      56438          4  0.000e+00
   2021.759     3.5047     3.5051  32.954860  32.955305     1.6691     1.8852   11.46582  -23.00080  69.755632   2351.583      56439          4  0.000e+00
   2021.759     3.5048     3.5050  32.954860  32.955370     1.6691     1.8852   11.46582  -23.00080  69.755632   2351.625      56440          4  0.000e+00
   2021.814     3.5050     3.5051  32.954923  32.955177     1.6691     1.8852   11.46582  -23.00080  69.755633   2351.667      56441          4  0.000e+00
   2021.793     3.5048     3.5051  32.954985  32.955499     1.6691     1.8852   11.46582  -23.00080  69.755633   2351.708      56442          4  0.000e+00
   2021.916     3.5050     3.5052  32.954674  32.955435     1.6691     1.8852   11.46582  -23.00080  69.755634   2351.750      56443          4  0.000e+00
   2021.916     3.5048     3.5052  32.955048  32.955370     1.6691     1.8852   11.46582  -23.00080  69.755634   2351.792      56444          4  0.000e+00
   2021.964     3.5048     3.5050  32.954612  32.955370     1.6691     1.8852   11.46582  -23.00080  69.755635   2351.833      56445          4  0.000e+00
   2022.018     3.5048     3.5051  32.954986  32.955371     1.6691     1.8852   11.46582  -23.00080  69.755635   2351.875      56446          4  0.000e+00
   2022.019     3.5048     3.5050  32.954986  32.955371     1.6691     1.8852   11.46582  -23.00080  69.755636   2351.917      56447          4  0.000e+00
   2022.121     3.5050     3.5050  32.954986  32.955371     1.6691     1.8852   11.46582  -23.00080  69.755636   2351.958      56448          4  0.000e+00
   2022.073     3.5047     3.5048  32.954924  32.955371     1.6691     1.8852   11.46582  -23.00080  69.755637   2352.000      56449          4  0.000e+00
   2022.210     3.5049     3.5051  32.954924  32.955371     1.6691     1.8852   11.46582  -23.00080  69.755637   2352.042      56450          4  0.000e+00
   2022.176     3.5050     3.5050  32.955236  32.955178     1.6691     1.8864   11.46582  -23.00080  69.755638   2352.083      56451          4  0.000e+00
   2022.223     3.5048     3.5051  32.955236  32.955307     1.6691     1.8852   11.46582  -23.00080  69.755638   2352.125      56452          4  0.000e+00
   2022.278     3.5047     3.5050  32.955236  32.955371     1.6691     1.8852   11.46582  -23.00080  69.755639   2352.167      56453          4  0.000e+00
   2022.278     3.5050     3.5050  32.955049  32.955371     1.6691     1.8852   11.46582  -23.00080  69.755639   2352.208      56454          4  0.000e+00
   2022.381     3.5048     3.5048  32.955174  32.955372     1.6703     1.8864   11.46582  -23.00080  69.755639   2352.250      56455          4  0.000e+00
   2022.381     3.5050     3.5048  32.955236  32.955372     1.6691     1.8864   11.46582  -23.00080  69.755640   2352.292      56456          4  0.000e+00
   2022.367     3.5048     3.5050  32.955049  32.955565     1.6691     1.8852   11.46582  -23.00080  69.755640   2352.333      56457          4  0.000e+00
   2022.490     3.5047     3.5048  32.955174  32.955436     1.6691     1.8852   11.46582  -23.00080  69.755641   2352.375      56458          4  0.000e+00
   2022.435     3.5048     3.5051  32.955424  32.955758     1.6691     1.8852   11.46582  -23.00080  69.755641   2352.417      56459          4  0.000e+00
   2022.490     3.5048     3.5050  32.955361  32.955758     1.6691     1.8864   11.46582  -23.00080  69.755642   2352.458      56460          4  0.000e+00
   2022.538     3.5048     3.5048  32.955237  32.955437     1.6691     1.8852   11.46582  -23.00080  69.755642   2352.500      56461          4  0.000e+00
   2022.538     3.5047     3.5048  32.955237  32.955565     1.6691     1.8852   11.46582  -23.00080  69.755643   2352.542      56462          4  0.000e+00
   2022.592     3.5048     3.5046  32.955486  32.955887     1.6691     1.8852   11.46582  -23.00080  69.755643   2352.583      56463          4  0.000e+00
   2022.572     3.5047     3.5048  32.955299  32.955758     1.6691     1.8852   11.46582  -23.00080  69.755644   2352.625      56464          4  0.000e+00
   2022.640     3.5047     3.5048  32.955424  32.955694     1.6691     1.8864   11.46582  -23.00080  69.755644   2352.667      56465          4  0.000e+00
   2022.695     3.5048     3.5048  32.955362  32.955437     1.6691     1.8852   11.46582  -23.00080  69.755645   2352.708      56466          4  0.000e+00
   2022.640     3.5047     3.5048  32.954988  32.955566     1.6691     1.8852   11.46582  -23.00080  69.755645   2352.750      56467          5  0.000e+00
   2022.641     3.5050     3.5048  32.955362  32.955437     1.6691     1.8852   11.46582  -23.00080  69.755646   2352.792      56468          5  0.000e+00
   2022.750     3.5047     3.5046  32.955175  32.955566     1.6691     1.8852   11.46582  -23.00080  69.755646   2352.833      56469          5  0.000e+00
   2022.729     3.5050     3.5048  32.955175  32.955694     1.6691     1.8852   11.46582  -23.00080  69.755647   2352.875      56470          5  0.000e+00
   2022.750     3.5050     3.5046  32.955425  32.955437     1.6691     1.8852   11.46582  -23.00080  69.755647   2352.917      56471          5  0.000e+00
   2022.695     3.5050     3.5048  32.955362  32.955566     1.6691     1.8852   11.46582  -23.00080  69.755648   2352.958      56472          5  0.000e+00
   2022.798     3.5047     3.5050  32.955238  32.955437     1.6691     1.8852   11.46582  -23.00080  69.755648   2353.000      56473          5  0.000e+00
   2022.798     3.5048     3.5048  32.955238  32.955566     1.6703     1.8852   11.46582  -23.00080  69.755649   2353.042      56474          5  0.000e+00
   2022.750     3.5047     3.5050  32.955300  32.955695     1.6691     1.8852   11.46582  -23.00080  69.755649   2353.083      56475          5  0.000e+00
   2022.798     3.5047     3.5048  32.955238  32.955888     1.6691     1.8852   11.46582  -23.00080  69.755650   2353.125      56476          5  0.000e+00
   2022.777     3.5047     3.5048  32.955425  32.955759     1.6691     1.8852   11.46582  -23.00080  69.755650   2353.167      56477          5  0.000e+00
   2022.852     3.5047     3.5050  32.954926  32.955695     1.6691     1.8852   11.46582  -23.00080  69.755651   2353.208      56478          5  0.000e+00
   2022.798     3.5048     3.5050  32.955300  32.955888     1.6691     1.8852   11.46582  -23.00080  69.755651   2353.250      56479          5  0.000e+00
   2022.798     3.5050     3.5048  32.955549  32.955759     1.6691     1.8852   11.46582  -23.00080  69.755652   2353.292      56480          5  0.000e+00
   2022.853     3.5050     3.5051  32.955175  32.955438     1.6691     1.8852   11.46582  -23.00080  69.755652   2353.333      56481          5  0.000e+00
   2022.853     3.5047     3.5051  32.955176  32.955566     1.6691     1.8852   11.46582  -23.00080  69.755652   2353.375      56482          5  0.000e+00
   2022.798     3.5050     3.5051  32.955425  32.955695     1.6691     1.8852   11.46582  -23.00080  69.755653   2353.417      56483          5  0.000e+00
   2022.832     3.5050     3.5050  32.955362  32.955437     1.6691     1.8852   11.46582  -23.00080  69.755653   2353.458      56484          5  0.000e+00
   2022.798     3.5047     3.5051  32.954988  32.955180     1.6691     1.8852   11.46582  -23.00080  69.755654   2353.500      56485          5  0.000e+00
   2022.853     3.5050     3.5050  32.955550  32.955502     1.6691     1.8852   11.46582  -23.00080  69.755654   2353.542      56486          5  0.000e+00
   2022.798     3.5048     3.5050  32.955425  32.955437     1.6691     1.8852   11.46582  -23.00080  69.755655   2353.583      56487          5  0.000e+00
   2022.853     3.5049     3.5050  32.955238  32.955759     1.6691     1.8852   11.46582  -23.00080  69.755655   2353.625      56488          5  0.000e+00
   2022.798     3.5050     3.5048  32.955238  32.955759     1.6691     1.8852   11.46582  -23.00080  69.755656   2353.667      56489          5  0.000e+00
   2022.833     3.5048     3.5050  32.955487  32.955695     1.6691     1.8852   11.46582  -23.00080  69.755656   2353.708      56490          5  0.000e+00
   2022.799     3.5048     3.5051  32.955300  32.955888     1.6691     1.8852   11.46582  -23.00080  69.755657   2353.750      56491          5  0.000e+00
   2022.751     3.5050     3.5051  32.955425  32.955759     1.6691     1.8852   11.46582  -23.00080  69.755657   2353.792      56492          5  0.000e+00
   2022.799     3.5048     3.5051  32.955362  32.955437     1.6691     1.8852   11.46582  -23.00080  69.755658   2353.833      56493          5  0.000e+00
   2022.799     3.5050     3.5051  32.955238  32.955566     1.6691     1.8852   11.46582  -23.00080  69.755658   2353.875      56494          5  0.000e+00
   2022.751     3.5048     3.5051  32.955425  32.955437     1.6691     1.8852   11.46582  -23.00080  69.755659   2353.917      56495          5  0.000e+00
   2022.751     3.5048     3.5052  32.955549  32.955566     1.6691     1.8852   11.46582  -23.00080  69.755659   2353.958      56496          5  0.000e+00
   2022.731     3.5052     3.5051  32.955300  32.955694     1.6691     1.8852   11.46582  -23.00080  69.755660   2354.000      56497          5  0.000e+00
   2022.751     3.5052     3.5050  32.955425  32.955695     1.6691     1.8852   11.46582  -23.00080  69.755660   2354.042      56498          5  0.000e+00
   2022.697     3.5050     3.5051  32.955175  32.955437     1.6691     1.8852   11.46582  -23.00080  69.755661   2354.083      56499          5  0.000e+00
   2022.751     3.5050     3.5051  32.955175  32.955373     1.6691     1.8852   11.46582  -23.00080  69.755661   2354.125      56500          5  0.000e+00
   2022.697     3.5050     3.5051  32.955237  32.955759     1.6691     1.8852   11.46582  -23.00080  69.755662   2354.167      56501          5  0.000e+00
