examples/fr26/data/cnv/fr26001.ros
* Sea-Bird SBE 9 Data File:
* FileName = C:\SEASOFT\PIRATA-FR26\data\fr26001.hex
* Software Version Seasave V 7.23.2
* Temperature SN = 6083
* Conductivity SN = 4509
* Number of Bytes Per Scan = 34
* Number of Voltage Words = 3
* Number of Scans Averaged by the Deck Unit = 1
* NMEA Latitude = 11 27.90 N
* NMEA Longitude = 023 00.01 W
* NMEA UTC (Time) = Mar 09 2016  17:28:55
** Cruise: PIRATA-FR26
** Ship: THALASSA
** Station: 1
** Bottom Depth: 5116
** Pressure frequency switch pos 2:
** Operator: PR-YG-JG
** Comments:
# nquan = 14
# nvalues = 1003                                  
# units = specified
# name 0 = prDM: Pressure, Digiquartz [db]
# name 1 = t090C: Temperature [ITS-90, deg C]
# name 2 = t190C: Temperature, 2 [ITS-90, deg C]
# name 3 = c0mS/cm: Conductivity [mS/cm]
# name 4 = c1mS/cm: Conductivity, 2 [mS/cm]
# name 5 = sbeox0V: Oxygen raw, SBE 43 [V]
# name 6 = sbeox1V: Oxygen raw, SBE 43, 2 [V]
# name 7 = latitude: Latitude [deg]
# name 8 = longitude: Longitude [deg]
# name 9 = timeJ: Julian Days
# name 10 = timeS: Time, Elapsed [seconds]
# name 11 = scan: Scan Count
# name 12 = nbf: Bottles Fired
# name 13 = flag:  0.000e+00
# interval = seconds: 0.0416667
# start_time = Mar 09 2016 17:28:55 [NMEA time, header]
# bad_flag = -9.990e-29
*END*
[from data line 207]
   2021.749     3.5048     3.5052  32.954673  32.955112     1.6691     1.8852   11.46582  -23.00082  69.755563   2345.667      56297          2  0.000e+00
   2021.694     3.5048     3.5051  32.954611  32.955112     1.6691     1.8864   11.46582  -23.00082  69.755564   2345.708      56298          2  0.000e+00
   2021.694     3.5047     3.5054  32.954611  32.955112     1.6691     1.8852   11.46582  -23.00082  69.755564   2345.750      56299          2  0.000e+00
   2021.695     3.5045     3.5052  32.954424  32.955305     1.6691     1.8852   11.46582  -23.00082  69.755565   2345.792      56300          2  0.000e+00
   2021.729     3.5048     3.5052  32.954549  32.955177     1.6691     1.8852   11.46582  -23.00082  69.755565   2345.833      56301          2  0.000e+00
   2021.695     3.5048     3.5051  32.954424  32.955305     1.6691     1.8852   11.46582  -23.00082  69.755566   2345.875      56302          2  0.000e+00
   2021.695     3.5047     3.5051  32.954361  32.955177     1.6691     1.8852   11.46582  -23.00082  69.755566   2345.917      56303          2  0.000e+00
   2021.695     3.5047     3.5052  32.954361  32.954855     1.6691     1.8864   11.46582  -23.00082  69.755567   2345.958      56304          2  0.000e+00
   2021.749     3.5048     3.5051  32.954549  32.954984     1.6691     1.8864   11.46582  -23.00082  69.755567   2346.000      56305          2  0.000e+00
   2021.647     3.5047     3.5051  32.954673  32.954855     1.6691     1.8852   11.46582  -23.00082  69.755568   2346.042      56306          2  0.000e+00
   2021.750     3.5048     3.5051  32.954611  32.954984     1.6691     1.8852   11.46582  -23.00082  69.755568   2346.083      56307          2  0.000e+00
   2021.695     3.5045     3.5050  32.954424  32.955305     1.6691     1.8852   11.46582  -23.00082  69.755569   2346.125      56308          2  0.000e+00
   2021.682     3.5050     3.5051  32.954611  32.955177     1.6691     1.8852   11.46582  -23.00082  69.755569   2346.167      56309          2  0.000e+00
   2021.695     3.5048     3.5056  32.954860  32.955112     1.6703     1.8852   11.46582  -23.00082  69.755570   2346.208      56310          2  0.000e+00
   2021.695     3.5047     3.5052  32.954486  32.954855     1.6703     1.8852   11.46582  -23.00082  69.755570   2346.250      56311          2  0.000e+00
   2021.695     3.5048     3.5051  32.954860  32.954791     1.6691     1.8852   11.46582  -23.00082  69.755571   2346.292      56312          2  0.000e+00
   2021.695     3.5048     3.5054  32.954486  32.954984     1.6691     1.8852   11.46582  -23.00082  69.755571   2346.333      56313          2  0.000e+00
   2021.696     3.5048     3.5054  32.954361  32.955112     1.6691     1.8864   11.46582  -23.00082  69.755571   2346.375      56314          2  0.000e+00
   2021.696     3.5050     3.5052  32.954735  32.955112     1.6703     1.8864   11.46582  -23.00082  69.755572   2346.417      56315          3  0.000e+00
   2021.696     3.5048     3.5052  32.954735  32.955305     1.6691     1.8864   11.46582  -23.00082  69.755572   2346.458      56316          3  0.000e+00
   2021.682     3.5048     3.5052  32.954611  32.955177     1.6691     1.8864   11.46582  -23.00082  69.755573   2346.500      56317          3  0.000e+00
   2021.696     3.5048     3.5052  32.954798  32.955112     1.6691     1.8864   11.46582  -23.00082  69.755573   2346.542      56318          3  0.000e+00
   2021.648     3.5049     3.5052  32.954548  32.955498     1.6691     1.8852   11.46582  -23.00082  69.755574   2346.583      56319          3  0.000e+00
   2021.696     3.5047     3.5052  32.954798  32.954984     1.6691     1.8864   11.46582  -23.00082  69.755574   2346.625      56320          3  0.000e+00
   2021.648     3.5050     3.5052  32.954922  32.955176     1.6691     1.8864   11.46582  -23.00082  69.755575   2346.667      56321          3  0.000e+00
   2021.696     3.5052     3.5052  32.954735  32.955177     1.6691     1.8852   11.46582  -23.00082  69.755575   2346.708      56322          3  0.000e+00
   2021.648     3.5050     3.5051  32.954611  32.955498     1.6691     1.8852   11.46582  -23.00082  69.755576   2346.750      56323          3  0.000e+00
   2021.696     3.5050     3.5052  32.955047  32.955434     1.6691     1.8852   11.46582  -23.00082  69.755576   2346.792      56324          3  0.000e+00
   2021.628     3.5052     3.5052  32.954860  32.955369     1.6691     1.8852   11.46582  -23.00082  69.755577   2346.833      56325          3  0.000e+00
   2021.649     3.5052     3.5050  32.954424  32.955369     1.6703     1.8864   11.46582  -23.00082  69.755577   2346.875      56326          3  0.000e+00
   2021.696     3.5052     3.5052  32.954735  32.955177     1.6691     1.8852   11.46582  -23.00082  69.755578   2346.917      56327          3  0.000e+00
   2021.649     3.5052     3.5054  32.954735  32.955112     1.6691     1.8852   11.46582  -23.00082  69.755578   2346.958      56328          3  0.000e+00
   2021.649     3.5052     3.5051  32.954860  32.955112     1.6691     1.8852   11.46582  -23.00082  69.755579   2347.000      56329          3  0.000e+00
   2021.594     3.5050     3.5052  32.954922  32.954855     1.6703     1.8864   11.46582  -23.00082  69.755579   2347.042      56330          3  0.000e+00
   2021.649     3.5052     3.5051  32.954735  32.954984     1.6703     1.8852   11.46582  -23.00082  69.755580   2347.083      56331          3  0.000e+00
   2021.595     3.5050     3.5052  32.954610  32.955112     1.6691     1.8864   11.46582  -23.00082  69.755580   2347.125      56332          3  0.000e+00
   2021.629     3.5052     3.5050  32.954798  32.955112     1.6691     1.8864   11.46582  -23.00082  69.755581   2347.167      56333          3  0.000e+00
   2021.649     3.5050     3.5052  32.954985  32.955112     1.6691     1.8864   11.46582  -23.00082  69.755581   2347.208      56334          3  0.000e+00
   2021.595     3.5052     3.5051  32.954486  32.955305     1.6703     1.8852   11.46582  -23.00082  69.755582   2347.250      56335          3  0.000e+00
   2021.540     3.5052     3.5050  32.954735  32.955176     1.6703     1.8852   11.46582  -23.00082  69.755582   2347.292      56336          3  0.000e+00
   2021.595     3.5048     3.5052  32.954548  32.955305     1.6703     1.8852   11.46582  -23.00082  69.755583   2347.333      56337          3  0.000e+00
   2021.595     3.5052     3.5052  32.954548  32.955176     1.6703     1.8864   11.46582  -23.00082  69.755583   2347.375      56338          3  0.000e+00
   2021.540     3.5048     3.5054  32.954610  32.954855     1.6703     1.8852   11.46582  -23.00082  69.755584   2347.417      56339          3  0.000e+00
   2021.541     3.5050     3.5051  32.954673  32.954790     1.6691     1.8852   11.46582  -23.00082  69.755584   2347.458      56340          3  0.000e+00
   2021.527     3.5048     3.5051  32.954860  32.954533     1.6691     1.8852   11.46582  -23.00082  69.755584   2347.500      56341          3  0.000e+00
   2021.541     3.5048     3.5051  32.954673  32.954662     1.6691     1.8852   11.46582  -23.00082  69.755585   2347.542      56342          3  0.000e+00
   2021.493     3.5048     3.5050  32.954423  32.954790     1.6691     1.8852   11.46582  -23.00082  69.755585   2347.583      56343          3  0.000e+00
   2021.493     3.5052     3.5050  32.954548  32.954597     1.6691     1.8852   11.46582  -23.00082  69.755586   2347.625      56344          3  0.000e+00
   2021.493     3.5048     3.5051  32.954797  32.954726     1.6691     1.8852   11.46582  -23.00082  69.755586   2347.667      56345          3  0.000e+00
   2021.493     3.5050     3.5051  32.954735  32.954533     1.6691     1.8864   11.46582  -23.00082  69.755587   2347.708      56346          3  0.000e+00
   2021.439     3.5050     3.5048  32.954423  32.954661     1.6691     1.8852   11.46582  -23.00082  69.755587   2347.750      56347          3  0.000e+00
   2021.439     3.5048     3.5051  32.954735  32.954790     1.6691     1.8852   11.46582  -23.00082  69.755588   2347.792      56348          3  0.000e+00
   2021.391     3.5048     3.5050  32.954547  32.954533     1.6691     1.8852   11.46582  -23.00082  69.755588   2347.833      56349          3  0.000e+00
   2021.425     3.5050     3.5050  32.954361  32.954468     1.6691     1.8852   11.46582  -23.00082  69.755589   2347.875      56350          3  0.000e+00
   2021.337     3.5048     3.5050  32.954984  32.954918     1.6691     1.8852   11.46582  -23.00082  69.755589   2347.917      56351          3  0.000e+00
   2021.391     3.5050     3.5050  32.955046  32.954854     1.6691     1.8852   11.46582  -23.00082  69.755590   2347.958      56352          3  0.000e+00
   2021.337     3.5047     3.5048  32.954485  32.954790     1.6691     1.8852   11.46582  -23.00082  69.755590   2348.000      56353          3  0.000e+00
   2021.282     3.5050     3.5051  32.954547  32.954532     1.6691     1.8852   11.46582  -23.00082  69.755591   2348.042      56354          3  0.000e+00
   2021.337     3.5048     3.5050  32.954423  32.954468     1.6691     1.8852   11.46582  -23.00082  69.755591   2348.083      56355          3  0.000e+00
   2021.282     3.5050     3.5046  32.954360  32.954661     1.6691     1.8852   11.46582  -23.00082  69.755592   2348.125      56356          3  0.000e+00
   2021.235     3.5047     3.5050  32.954547  32.954532     1.6703     1.8864   11.46582  -23.00082  69.755592   2348.167      56357          3  0.000e+00
   2021.269     3.5050     3.5048  32.954422  32.954661     1.6703     1.8864   11.46582  -23.00082  69.755593   2348.208      56358          3  0.000e+00
   2021.235     3.5048     3.5048  32.954111  32.954789     1.6703     1.8864   11.46582  -23.00082  69.755593   2348.250      56359          3  0.000e+00
   2021.180     3.5048     3.5048  32.954422  32.954982     1.6703     1.8864   11.46582  -23.00082  69.755594   2348.292      56360          3  0.000e+00
   2021.181     3.5048     3.5048  32.954422  32.954596     1.6703     1.8864   11.46582  -23.00082  69.755594   2348.333      56361          3  0.000e+00
   2021.078     3.5048     3.5050  32.954546  32.954660     1.6691     1.8864   11.46582  -23.00082  69.755595   2348.375      56362          3  0.000e+00
   2021.235     3.5048     3.5051  32.954422  32.954789     1.6691     1.8864   11.46582  -23.00082  69.755595   2348.417      56363          3  0.000e+00
   2021.078     3.5047     3.5050  32.954609  32.954789     1.6691     1.8864   11.46582  -23.00082  69.755596   2348.458      56364          3  0.000e+00
   2021.079     3.5048     3.5051  32.954422  32.954789     1.6691     1.8852   11.46582  -23.00082  69.755596   2348.500      56365          3  0.000e+00
   2021.079     3.5047     3.5051  32.954359  32.954789     1.6691     1.8864   11.46582  -23.00082  69.755597   2348.542      56366          3  0.000e+00
   2021.010     3.5047     3.5051  32.954359  32.954982     1.6691     1.8864   11.46582  -23.00082  69.755597   2348.583      56367          3  0.000e+00
   2021.024     3.5047     3.5051  32.954110  32.954853     1.6691     1.8852   11.46582  -23.00082  69.755598   2348.625      56368          3  0.000e+00
   2021.024     3.5047     3.5048  32.954235  32.954531     1.6691     1.8852   11.46582  -23.00082  69.755598   2348.667      56369          3  0.000e+00
   2020.977     3.5048     3.5051  32.954172  32.954917     1.6691     1.8864   11.46582  -23.00082  69.755598   2348.708      56370          3  0.000e+00
   2020.922     3.5047     3.5052  32.954297  32.954595     1.6691     1.8852   11.46582  -23.00080  69.755599   2348.750      56371          3  0.000e+00
   2020.922     3.5048     3.5048  32.954359  32.954467     1.6691     1.8864   11.46582  -23.00080  69.755599   2348.792      56372          3  0.000e+00
   2020.922     3.5047     3.5050  32.954172  32.954660     1.6691     1.8852   11.46582  -23.00080  69.755600   2348.833      56373          3  0.000e+00
   2020.868     3.5047     3.5048  32.954047  32.954338     1.6691     1.8852   11.46582  -23.00080  69.755600   2348.875      56374          3  0.000e+00
   2020.820     3.5047     3.5048  32.954234  32.954402     1.6691     1.8852   11.46582  -23.00080  69.755601   2348.917      56375          3  0.000e+00
   2020.718     3.5047     3.5050  32.954171  32.954466     1.6691     1.8852   11.46582  -23.00080  69.755601   2348.958      56376          3  0.000e+00
   2020.957     3.5047     3.5050  32.953798  32.954660     1.6691     1.8852   11.46582  -23.00080  69.755602   2349.000      56377          3  0.000e+00
   2020.820     3.5048     3.5050  32.954172  32.954531     1.6703     1.8852   11.46582  -23.00080  69.755602   2349.042      56378          3  0.000e+00
   2020.718     3.5048     3.5048  32.953984  32.954466     1.6691     1.8852   11.46582  -23.00080  69.755603   2349.083      56379          3  0.000e+00
   2020.766     3.5048     3.5048  32.953984  32.954273     1.6691     1.8852   11.46582  -23.00080  69.755603   2349.125      56380          3  0.000e+00
   2020.766     3.5048     3.5050  32.954234  32.954209     1.6691     1.8864   11.46582  -23.00080  69.755604   2349.167      56381          3  0.000e+00
   2020.718     3.5047     3.5048  32.954171  32.954402     1.6691     1.8852   11.46582  -23.00080  69.755604   2349.208      56382          3  0.000e+00
   2020.664     3.5048     3.5044  32.953797  32.954273     1.6703     1.8852   11.46582  -23.00080  69.755605   2349.250      56383          4  0.000e+00
   2020.718     3.5047     3.5048  32.954171  32.954402     1.6703     1.8852   11.46582  -23.00080  69.755605   2349.292      56384          4  0.000e+00
   2020.664     3.5045     3.5046  32.954171  32.954273     1.6703     1.8852   11.46582  -23.00080  69.755606   2349.333      56385          4  0.000e+00
   2020.698     3.5047     3.5050  32.953797  32.954402     1.6691     1.8852   11.46582  -23.00080  69.755606   2349.375      56386          4  0.000e+00
   2020.610     3.5047     3.5050  32.953922  32.954273     1.6691     1.8864   11.46582  -23.00080  69.755607   2349.417      56387          4  0.000e+00
   2020.610     3.5047     3.5048  32.953859  32.954401     1.6691     1.8852   11.46582  -23.00080  69.755607   2349.458      56388          4  0.000e+00
   2020.664     3.5047     3.5048  32.953984  32.954273     1.6691     1.8852   11.46582  -23.00080  69.755608   2349.500      56389          4  0.000e+00
   2020.610     3.5047     3.5050  32.954233  32.954401     1.6691     1.8852   11.46582  -23.00080  69.755608   2349.542      56390          4  0.000e+00
   2020.610     3.5045     3.5048  32.953735  32.954273     1.6691     1.8852   11.46582  -23.00080  69.755609   2349.583      56391          4  0.000e+00
   2020.562     3.5047     3.5048  32.953672  32.954401     1.6691     1.8852   11.46582  -23.00080  69.755609   2349.625      56392          4  0.000e+00
   2020.610     3.5045     3.5048  32.953922  32.954466     1.6691     1.8852   11.46582  -23.00080  69.755610   2349.667      56393          4  0.000e+00
   2020.610     3.5047     3.5048  32.953859  32.954466     1.6691     1.8852   11.46582  -23.00080  69.755610   2349.708      56394          4  0.000e+00
   2020.562     3.5047     3.5050  32.953734  32.954466     1.6691     1.8852   11.46582  -23.00080  69.755611   2349.750      56395          4  0.000e+00
   2020.597     3.5047     3.5048  32.953922  32.954273     1.6691     1.8864   11.46582  -23.00080  69.755611   2349.792      56396          4  0.000e+00
   2020.610     3.5047     3.5048  32.953859  32.953951     1.6691     1.8864   11.46582  -23.00080  69.755611   2349.833      56397          4  0.000e+00
   2020.610     3.5048     3.5048  32.953984  32.954080     1.6691     1.8852   11.46582  -23.00080  69.755612   2349.875      56398          4  0.000e+00
