examples/fr26/data/cnv/fr26001.ros
* Sea-Bird SBE 9 Data File:
* FileName = C:\SEASOFT\PIRATA-FR26\data\fr26001.hex
* Software Version Seasave V 7.23.2
* Temperature SN = 6083
* Conductivity SN = 4509
* Number of Bytes Per Scan = 34
* Number of Voltage Words = 3
* Number of Scans Averaged by the Deck Unit = 1
* NMEA Latitude = 11 27.90 N
* NMEA Longitude = 023 00.01 W
* NMEA UTC (Time) = Mar 09 2016  17:28:55
** Cruise: PIRATA-FR26
** Ship: THALASSA
** Station: 1
** Bottom Depth: 5116
** Pressure frequency switch pos 2:
** Operator: PR-YG-JG
** Comments:
# nquan = 14
# nvalues = 1003                                  
# units = specified
# name 0 = prDM: Pressure, Digiquartz [db]
# name 1 = t090C: Temperature [ITS-90, deg C]
# name 2 = t190C: Temperature, 2 [ITS-90, deg C]
# name 3 = c0mS/cm: Conductivity [mS/cm]
# name 4 = c1mS/cm: Conductivity, 2 [mS/cm]
# name 5 = sbeox0V: Oxygen raw, SBE 43 [V]
# name 6 = sbeox1V: Oxygen raw, SBE 43, 2 [V]
# name 7 = latitude: Latitude [deg]
# name 8 = longitude: Longitude [deg]
# name 9 = timeJ: Julian Days
# name 10 = timeS: Time, Elapsed [seconds]
# name 11 = scan: Scan Count
# name 12 = nbf: Bottles Fired
# name 13 = flag:  0.000e+00
# interval = seconds: 0.0416667
# start_time = Mar 09 2016 17:28:55 [NMEA time, header]
# bad_flag = -9.990e-29
*END*
[from data line 620]
   2021.979     3.5045     3.5048  32.954612  32.954856     1.6691     1.8852   11.46584  -23.00080  69.755762   2362.875      56710          8  0.000e+00
   2021.980     3.5048     3.5050  32.954799  32.954985     1.6691     1.8852   11.46584  -23.00080  69.755763   2362.917      56711          8  0.000e+00
   2021.980     3.5049     3.5046  32.954736  32.955499     1.6691     1.8852   11.46584  -23.00080  69.755763   2362.958      56712          8  0.000e+00
   2022.034     3.5047     3.5048  32.954612  32.955435     1.6691     1.8852   11.46584  -23.00080  69.755764   2363.000      56713          8  0.000e+00
   2022.014     3.5045     3.5050  32.954799  32.955371     1.6691     1.8852   11.46584  -23.00080  69.755764   2363.042      56714          8  0.000e+00
   2022.034     3.5048     3.5048  32.954924  32.955371     1.6691     1.8852   11.46584  -23.00080  69.755765   2363.083      56715          8  0.000e+00
   2022.089     3.5047     3.5051  32.954550  32.955371     1.6691     1.8852   11.46584  -23.00080  69.755765   2363.125      56716          8  0.000e+00
   2022.137     3.5047     3.5050  32.954799  32.955178     1.6691     1.8852   11.46584  -23.00080  69.755766   2363.167      56717          8  0.000e+00
   2022.089     3.5048     3.5050  32.954924  32.955307     1.6691     1.8852   11.46584  -23.00080  69.755766   2363.208      56718          8  0.000e+00
   2022.137     3.5047     3.5048  32.954550  32.955178     1.6691     1.8852   11.46584  -23.00080  69.755767   2363.250      56719          8  0.000e+00
   2022.137     3.5048     3.5050  32.954550  32.955307     1.6691     1.8852   11.46584  -23.00080  69.755767   2363.292      56720          8  0.000e+00
   2022.226     3.5045     3.5050  32.954799  32.955178     1.6691     1.8852   11.46584  -23.00080  69.755768   2363.333      56721          8  0.000e+00
   2022.137     3.5047     3.5050  32.954986  32.955307     1.6691     1.8852   11.46584  -23.00080  69.755768   2363.375      56722          8  0.000e+00
   2022.240     3.5045     3.5050  32.954488  32.955371     1.6691     1.8852   11.46584  -23.00080  69.755769   2363.417      56723          8  0.000e+00
   2022.192     3.5047     3.5050  32.954737  32.955178     1.6691     1.8852   11.46584  -23.00080  69.755769   2363.458      56724          8  0.000e+00
   2022.240     3.5045     3.5050  32.954550  32.955114     1.6691     1.8852   11.46584  -23.00080  69.755770   2363.500      56725          8  0.000e+00
   2022.240     3.5047     3.5048  32.954550  32.955114     1.6691     1.8852   11.46584  -23.00080  69.755770   2363.542      56726          8  0.000e+00
   2022.240     3.5045     3.5051  32.955049  32.955307     1.6691     1.8852   11.46584  -23.00080  69.755771   2363.583      56727          8  0.000e+00
   2022.274     3.5047     3.5050  32.954426  32.955371     1.6691     1.8852   11.46584  -23.00080  69.755771   2363.625      56728          8  0.000e+00
   2022.295     3.5047     3.5046  32.954488  32.955179     1.6703     1.8852   11.46584  -23.00080  69.755772   2363.667      56729          8  0.000e+00
   2022.295     3.5045     3.5048  32.954800  32.955114     1.6691     1.8852   11.46584  -23.00080  69.755772   2363.708      56730          8  0.000e+00
   2022.295     3.5047     3.5046  32.954737  32.955114     1.6691     1.8852   11.46584  -23.00080  69.755773   2363.750      56731          8  0.000e+00
   2022.349     3.5047     3.5048  32.954613  32.955114     1.6691     1.8852   11.46584  -23.00080  69.755773   2363.792      56732          8  0.000e+00
   2022.295     3.5045     3.5048  32.954800  32.955114     1.6691     1.8852   11.46584  -23.00080  69.755774   2363.833      56733          8  0.000e+00
   2022.349     3.5047     3.5048  32.954550  32.955114     1.6691     1.8852   11.46584  -23.00080  69.755774   2363.875      56734          8  0.000e+00
   2022.295     3.5045     3.5046  32.954550  32.955114     1.6679     1.8852   11.46584  -23.00080  69.755774   2363.917      56735          8  0.000e+00
   2022.329     3.5048     3.5048  32.955049  32.955114     1.6679     1.8852   11.46584  -23.00080  69.755775   2363.958      56736          8  0.000e+00
   2022.397     3.5048     3.5046  32.954862  32.955308     1.6691     1.8852   11.46584  -23.00080  69.755775   2364.000      56737          8  0.000e+00
   2022.295     3.5048     3.5048  32.954613  32.955372     1.6691     1.8852   11.46584  -23.00080  69.755776   2364.042      56738          8  0.000e+00
   2022.350     3.5048     3.5051  32.955299  32.955372     1.6691     1.8852   11.46584  -23.00080  69.755776   2364.083      56739          8  0.000e+00
   2022.350     3.5050     3.5048  32.954925  32.955179     1.6691     1.8864   11.46584  -23.00080  69.755777   2364.125      56740          8  0.000e+00
   2022.398     3.5048     3.5048  32.955112  32.955115     1.6691     1.8852   11.46584  -23.00080  69.755777   2364.167      56741          8  0.000e+00
   2022.350     3.5050     3.5050  32.954987  32.955114     1.6691     1.8852   11.46584  -23.00080  69.755778   2364.208      56742          8  0.000e+00
   2022.330     3.5048     3.5048  32.954737  32.955307     1.6691     1.8852   11.46584  -23.00080  69.755778   2364.250      56743          8  0.000e+00
   2022.350     3.5048     3.5048  32.954862  32.955179     1.6691     1.8852   11.46584  -23.00080  69.755779   2364.292      56744          8  0.000e+00
   2022.350     3.5048     3.5050  32.955112  32.955307     1.6691     1.8852   11.46584  -23.00080  69.755779   2364.333      56745          8  0.000e+00
   2022.350     3.5048     3.5050  32.955049  32.955372     1.6691     1.8852   11.46584  -23.00080  69.755780   2364.375      56746          8  0.000e+00
   2022.296     3.5050     3.5050  32.954675  32.955371     1.6691     1.8852   11.46584  -23.00080  69.755780   2364.417      56747          8  0.000e+00
   2022.398     3.5048     3.5051  32.954800  32.955372     1.6691     1.8852   11.46584  -23.00080  69.755781   2364.458      56748          8  0.000e+00
   2022.296     3.5050     3.5050  32.954737  32.955371     1.6691     1.8852   11.46584  -23.00080  69.755781   2364.500      56749          8  0.000e+00
   2022.385     3.5049     3.5051  32.955112  32.955179     1.6691     1.8852   11.46584  -23.00080  69.755782   2364.542      56750          8  0.000e+00
   2022.296     3.5047     3.5051  32.954987  32.955307     1.6691     1.8852   11.46584  -23.00080  69.755782   2364.583      56751          8  0.000e+00
   2022.296     3.5048     3.5051  32.954987  32.955371     1.6691     1.8852   11.46584  -23.00080  69.755783   2364.625      56752          8  0.000e+00
   2022.296     3.5052     3.5051  32.954924  32.955371     1.6691     1.8852   11.46584  -23.00080  69.755783   2364.667      56753          8  0.000e+00
   2022.296     3.5048     3.5051  32.954924  32.955179     1.6679     1.8852   11.46584  -23.00080  69.755784   2364.708      56754          8  0.000e+00
   2022.296     3.5047     3.5050  32.954550  32.955500     1.6679     1.8852   11.46584  -23.00080  69.755784   2364.750      56755          8  0.000e+00
   2022.296     3.5050     3.5051  32.954800  32.955243     1.6691     1.8852   11.46584  -23.00080  69.755785   2364.792      56756          8  0.000e+00
   2022.228     3.5047     3.5050  32.954924  32.955307     1.6691     1.8852   11.46584  -23.00080  69.755785   2364.833      56757          8  0.000e+00
   2022.297     3.5050     3.5051  32.954550  32.955179     1.6691     1.8852   11.46584  -23.00080  69.755786   2364.875      56758          8  0.000e+00
   2022.242     3.5047     3.5050  32.954550  32.955114     1.6679     1.8852   11.46584  -23.00080  69.755786   2364.917      56759          8  0.000e+00
   2022.242     3.5047     3.5048  32.954800  32.954600     1.6691     1.8852   11.46584  -23.00080  69.755787   2364.958      56760          8  0.000e+00
   2022.194     3.5047     3.5051  32.954986  32.955114     1.6691     1.8852   11.46584  -23.00080  69.755787   2365.000      56761          8  0.000e+00
   2022.242     3.5048     3.5048  32.954924  32.955178     1.6679     1.8852   11.46584  -23.00080  69.755788   2365.042      56762          8  0.000e+00
   2022.195     3.5047     3.5051  32.954924  32.955307     1.6679     1.8852   11.46584  -23.00080  69.755788   2365.083      56763          8  0.000e+00
   2022.174     3.5048     3.5048  32.954737  32.955371     1.6691     1.8852   11.46584  -23.00080  69.755788   2365.125      56764          8  0.000e+00
   2022.140     3.5047     3.5050  32.954612  32.955371     1.6691     1.8852   11.46584  -23.00080  69.755789   2365.167      56765          8  0.000e+00
   2022.195     3.5048     3.5050  32.954799  32.955564     1.6691     1.8852   11.46584  -23.00080  69.755789   2365.208      56766          8  0.000e+00
   2022.140     3.5048     3.5051  32.954737  32.955242     1.6691     1.8852   11.46584  -23.00080  69.755790   2365.250      56767          8  0.000e+00
   2022.093     3.5049     3.5052  32.954425  32.955499     1.6679     1.8852   11.46584  -23.00080  69.755790   2365.292      56768          8  0.000e+00
   2022.140     3.5050     3.5048  32.954737  32.955242     1.6691     1.8852   11.46584  -23.00080  69.755791   2365.333      56769          8  0.000e+00
   2022.093     3.5047     3.5050  32.954737  32.955114     1.6691     1.8852   11.46584  -23.00080  69.755791   2365.375      56770          8  0.000e+00
   2022.093     3.5048     3.5050  32.954861  32.955114     1.6691     1.8852   11.46584  -23.00080  69.755792   2365.417      56771          8  0.000e+00
   2022.018     3.5047     3.5050  32.954924  32.955306     1.6691     1.8852   11.46584  -23.00080  69.755792   2365.458      56772          8  0.000e+00
   2022.038     3.5048     3.5050  32.954737  32.954663     1.6691     1.8852   11.46584  -23.00080  69.755793   2365.500      56773          8  0.000e+00
   2022.039     3.5048     3.5051  32.954861  32.955113     1.6691     1.8852   11.46584  -23.00080  69.755793   2365.542      56774          8  0.000e+00
   2021.984     3.5050     3.5051  32.954923  32.955178     1.6691     1.8852   11.46584  -23.00080  69.755794   2365.583      56775          9  0.000e+00
   2022.039     3.5050     3.5048  32.954737  32.955113     1.6691     1.8852   11.46584  -23.00080  69.755794   2365.625      56776          9  0.000e+00
   2021.984     3.5048     3.5050  32.954861  32.955113     1.6679     1.8852   11.46584  -23.00080  69.755795   2365.667      56777          9  0.000e+00
   2021.984     3.5050     3.5050  32.954923  32.955113     1.6679     1.8852   11.46584  -23.00080  69.755795   2365.708      56778          9  0.000e+00
   2021.916     3.5048     3.5050  32.954986  32.955113     1.6691     1.8852   11.46584  -23.00080  69.755796   2365.750      56779          9  0.000e+00
   2021.882     3.5048     3.5048  32.954487  32.955113     1.6679     1.8852   11.46584  -23.00080  69.755796   2365.792      56780          9  0.000e+00
   2021.937     3.5048     3.5051  32.954736  32.955113     1.6679     1.8852   11.46584  -23.00080  69.755797   2365.833      56781          9  0.000e+00
   2021.882     3.5048     3.5050  32.954549  32.955113     1.6679     1.8852   11.46584  -23.00080  69.755797   2365.875      56782          9  0.000e+00
   2021.882     3.5047     3.5050  32.954362  32.955306     1.6679     1.8852   11.46584  -23.00080  69.755798   2365.917      56783          9  0.000e+00
   2021.835     3.5048     3.5048  32.954985  32.955177     1.6679     1.8852   11.46584  -23.00080  69.755798   2365.958      56784          9  0.000e+00
   2021.835     3.5047     3.5051  32.954861  32.954598     1.6679     1.8852   11.46584  -23.00080  69.755799   2366.000      56785          9  0.000e+00
   2021.835     3.5047     3.5048  32.954611  32.954920     1.6679     1.8852   11.46584  -23.00080  69.755799   2366.042      56786          9  0.000e+00
   2021.760     3.5047     3.5048  32.954611  32.954855     1.6691     1.8852   11.46584  -23.00080  69.755800   2366.083      56787          9  0.000e+00
   2021.780     3.5048     3.5048  32.954424  32.954791     1.6691     1.8852   11.46584  -23.00080  69.755800   2366.125      56788          9  0.000e+00
   2021.726     3.5047     3.5050  32.954361  32.954791     1.6691     1.8852   11.46584  -23.00080  69.755801   2366.167      56789          9  0.000e+00
   2021.726     3.5047     3.5048  32.954736  32.954984     1.6691     1.8852   11.46584  -23.00080  69.755801   2366.208      56790          9  0.000e+00
   2021.726     3.5047     3.5048  32.954549  32.954855     1.6691     1.8852   11.46584  -23.00080  69.755802   2366.250      56791          9  0.000e+00
   2021.678     3.5048     3.5048  32.954361  32.954533     1.6691     1.8852   11.46584  -23.00080  69.755802   2366.292      56792          9  0.000e+00
   2021.678     3.5045     3.5046  32.954548  32.954469     1.6691     1.8852   11.46584  -23.00080  69.755802   2366.333      56793          9  0.000e+00
   2021.678     3.5047     3.5050  32.954424  32.954662     1.6691     1.8852   11.46584  -23.00080  69.755803   2366.375      56794          9  0.000e+00
   2021.604     3.5045     3.5048  32.954361  32.954790     1.6679     1.8852   11.46584  -23.00080  69.755803   2366.417      56795          9  0.000e+00
   2021.624     3.5045     3.5046  32.954548  32.954598     1.6691     1.8852   11.46584  -23.00080  69.755804   2366.458      56796          9  0.000e+00
   2021.624     3.5045     3.5046  32.954237  32.954469     1.6691     1.8852   11.46584  -23.00080  69.755804   2366.500      56797          9  0.000e+00
   2021.522     3.5045     3.5048  32.954299  32.954469     1.6691     1.8852   11.46584  -23.00080  69.755805   2366.542      56798          9  0.000e+00
   2021.570     3.5045     3.5044  32.954361  32.954469     1.6691     1.8852   11.46584  -23.00080  69.755805   2366.583      56799          9  0.000e+00
   2021.570     3.5045     3.5048  32.954361  32.954662     1.6679     1.8852   11.46584  -23.00080  69.755806   2366.625      56800          9  0.000e+00
   2021.522     3.5045     3.5048  32.954111  32.954983     1.6679     1.8852   11.46584  -23.00080  69.755806   2366.667      56801          9  0.000e+00
   2021.522     3.5045     3.5048  32.954423  32.954597     1.6691     1.8852   11.46584  -23.00080  69.755807   2366.708      56802          9  0.000e+00
   2021.365     3.5047     3.5046  32.954049  32.954661     1.6679     1.8852   11.46584  -23.00080  69.755807   2366.750      56803          9  0.000e+00
   2021.604     3.5045     3.5050  32.954236  32.954533     1.6679     1.8852   11.46584  -23.00080  69.755808   2366.792      56804          9  0.000e+00
   2021.468     3.5045     3.5048  32.954548  32.954661     1.6679     1.8852   11.46584  -23.00080  69.755808   2366.833      56805          9  0.000e+00
   2021.420     3.5047     3.5046  32.954423  32.954533     1.6679     1.8852   11.46584  -23.00080  69.755809   2366.875      56806          9  0.000e+00
   2021.468     3.5045     3.5048  32.954361  32.954468     1.6679     1.8852   11.46584  -23.00080  69.755809   2366.917      56807          9  0.000e+00
   2021.420     3.5044     3.5044  32.954361  32.954468     1.6679     1.8852   11.46584  -23.00080  69.755810   2366.958      56808          9  0.000e+00
   2021.366     3.5045     3.5048  32.953737  32.954468     1.6691     1.8852   11.46584  -23.00080  69.755810   2367.000      56809          9  0.000e+00
   2021.420     3.5047     3.5046  32.953924  32.954468     1.6679     1.8852   11.46584  -23.00080  69.755811   2367.042      56810          9  0.000e+00
   2021.366     3.5047     3.5046  32.954236  32.954468     1.6691     1.8852   11.46584  -23.00080  69.755811   2367.083      56811          9  0.000e+00
